NYC                         50   [([6, 3, 2020], 46276), ([10, 3, 2020], 46276)]         86.16          36.32            0.6             2.37              ned                   0   [0.02, 0.0, 0.0]     [10.32, 59.86]                  29.84   
10_03_2020_20     num_of_posts                                          datetime   avg_upvotes   avg_comments   avg_ud_ratio   avg_uc_ratio_1   avg_uc_ratio_2   num_of_oc_content        avg_awards   avg_title_length   avg_u_top10_comments   
Seattle                     42   [([6, 3, 2020], 46312), ([10, 3, 2020], 46312)]         95.26          14.57           0.76             6.54              ned                   0   [0.0, 0.0, 0.0]     [10.95, 66.93]                  11.07   
Chicago                     24   [([6, 3, 2020], 46344), ([10, 3, 2020], 46344)]          80.0          26.42           0.74             3.03              ned                   0   [0.0, 0.0, 0.0]     [12.46, 76.58]                  22.48   
Toronto                     30   [([6, 3, 2020], 46356), ([10, 3, 2020], 46356)]        147.43          58.77           0.82             2.51              ned                   0   [0.0, 0.0, 0.0]      [13.93, 84.5]                  51.62   
LosAngeles                  30   [([6, 3, 2020], 46386), ([10, 3, 2020], 46386)]        115.87          29.93            0.8             3.87              ned                   0   [0.0, 0.0333, 0.0]       [12.5, 73.0]                  17.99   
Portland                    59   [([6, 3, 2020], 46405), ([10, 3, 2020], 46405)]         91.49          21.03            0.7             4.35              ned                   0   [0.0, 0.0, 0.0]      [11.1, 65.51]                  18.07   
Boston                      39   [([6, 3, 2020], 46429), ([10, 3, 2020], 46429)]         84.18          31.36           0.72             2.68              ned                   0   [0.0, 0.0, 0.0]     [12.79, 77.82]                  20.44   
Austin                      48   [([6, 3, 2020], 46448), ([10, 3, 2020], 46448)]         78.75          39.96           0.63             1.97              ned                   0   [0.0, 0.0, 0.0]      [9.62, 58.15]                  27.19   
SanFrancisco                37   [([6, 3, 2020], 46473), ([10, 3, 2020], 46473)]         85.65          14.35           0.73             5.97              ned                   0   [0.0, 0.0, 0.0]       [8.32, 49.7]                  11.71   
Vancouver                   82   [([6, 3, 2020], 46489), ([10, 3, 2020], 46489)]         63.62          18.48           0.73             3.44              ned                   0   [0.0, 0.0, 0.0]      [9.54, 56.26]                  13.24   
WashingtonDC                17   [([6, 3, 2020], 46521), ([10, 3, 2020], 46521)]         74.47          23.53           0.85             3.17              ned                   0   [0.0, 0.0, 0.0]     [11.35, 63.18]                  30.71   
Houston                     41   [([6, 3, 2020], 46529), ([10, 3, 2020], 46529)]         63.12          22.22           0.51             2.84              ned                   0   [0.0244, 0.0, 0.0]      [9.88, 58.27]                  16.98   
Atlanta                     17   [([6, 3, 2020], 46545), ([10, 3, 2020], 46545)]         48.82          38.71           0.68             1.26              ned                   0   [0.0, 0.0, 0.0]      [8.06, 48.35]                  17.84   
Philadelphia                33   [([6, 3, 2020], 46555), ([10, 3, 2020], 46555)]         55.27          37.82            0.7             1.46              ned                   0   [0.0, 0.0, 0.0]      [9.39, 56.91]                  20.72   
Denver                      24   [([6, 3, 2020], 46571), ([10, 3, 2020], 46571)]         59.17          15.38           0.68             3.85              ned                   0   [0.0, 0.0, 0.0]     [10.29, 60.29]                    8.0   
Melbourne                   45   [([6, 3, 2020], 46580), ([10, 3, 2020], 46580)]          72.4           18.4           0.74             3.93              ned                   0   [0.0, 0.0, 0.0]      [8.98, 54.84]                  13.24   
SanDiego                    26   [([6, 3, 2020], 46597), ([10, 3, 2020], 46597)]         76.69          15.77           0.67             4.86              ned                   0   [0.0, 0.0, 0.0]      [8.04, 47.15]                   8.71   
Dallas                      13   [([6, 3, 2020], 46609), ([10, 3, 2020], 46609)]         46.77          14.15           0.74              3.3              ned                   0   [0.0, 0.0, 0.0]      [9.23, 57.54]                  11.15   
Montreal                     3   [([6, 3, 2020], 46616), ([10, 3, 2020], 46616)]        328.33           30.0           0.72            10.94              ned                   0   [0.3333, 0.0, 0.0]      [11.0, 62.33]                   19.0   
Sydney                      43   [([6, 3, 2020], 46618), ([10, 3, 2020], 46618)]         62.14          23.77           0.63             2.61              ned                   0   [0.0465, 0.093, 0.0233]      [9.47, 53.95]                  13.11   
Pittsburgh                  17   [([6, 3, 2020], 46635), ([10, 3, 2020], 46635)]         53.06          28.06           0.71             1.89              ned                   0   [0.0, 0.0, 0.0]     [10.71, 66.12]                  12.88   
Calgary                     51   [([6, 3, 2020], 46657), ([10, 3, 2020], 46657)]         60.08          30.12           0.64             1.99              ned                   0   [0.0, 0.0392, 0.0]      [9.29, 54.04]                  18.07   
Baltimore                   17   [([6, 3, 2020], 46680), ([10, 3, 2020], 46680)]         58.71          19.76           0.79             2.97             4.41                   0   [0.0, 0.0, 0.0]     [11.24, 70.71]                  20.94   
StLouis                     46   [([6, 3, 2020], 46687), ([10, 3, 2020], 46687)]         73.59          26.76            0.8             2.75              ned                   0   [0.0, 0.0, 0.0]      [10.46, 63.7]                   0.88   
funny                       95   [([6, 3, 2020], 46706), ([10, 3, 2020], 46706)]       7684.72         133.71            0.9            57.48            40.44                   0   [0.0947, 0.0842, 0.0]       [6.4, 33.44]                 281.49   
AskReddit                  100   [([6, 3, 2020], 46773), ([10, 3, 2020], 46773)]       2497.85         847.01           0.83             2.95             0.82                   0   [0.03, 0.03, 0.0]      [12.5, 67.86]                1191.28   
