cars                        39   [([6, 3, 2020], 52039), ([10, 3, 2020], 52039)]        285.26          59.82           0.75             4.77              ned                   0   [0.0, 0.0, 0.0]     [10.49, 60.74]                  66.63   
10_03_2020_22     num_of_posts                                          datetime   avg_upvotes   avg_comments   avg_ud_ratio   avg_uc_ratio_1   avg_uc_ratio_2   num_of_oc_content        avg_awards   avg_title_length   avg_u_top10_comments   
Roadcam                      9   [([6, 3, 2020], 52118), ([10, 3, 2020], 52118)]         76.67          20.67           0.83             3.71              ned                   0   [0.0, 0.0, 0.0]     [12.56, 73.56]                  17.33   
NetflixBestOf                3   [([6, 3, 2020], 52122), ([10, 3, 2020], 52122)]         98.67          21.67           0.57             4.55              ned                   0   [0.0, 0.0, 0.0]     [16.0, 116.67]                   8.67   
keto                        52   [([6, 3, 2020], 52124), ([10, 3, 2020], 52124)]         58.65          13.12           0.71             4.47              ned                   0   [0.0, 0.0, 0.0]      [8.23, 45.54]                   5.42   
raspberry_pi                10   [([6, 3, 2020], 52142), ([10, 3, 2020], 52142)]         169.7           17.0           0.83             9.98              ned                   0   [0.0, 0.0, 0.0]       [13.1, 73.6]                   5.87   
AskMen                      80   [([6, 3, 2020], 52146), ([10, 3, 2020], 52146)]         92.65          44.92           0.72             2.06              ned                   0   [0.0, 0.0, 0.0]     [13.09, 69.33]                   50.1   
HumansBeingBros             22   [([6, 3, 2020], 52252), ([10, 3, 2020], 52252)]        289.14           8.32           0.95            34.76              ned                   0   [0.0, 0.0, 0.0]     [14.41, 82.95]                   7.03   
HistoryPorn                  6   [([6, 3, 2020], 52259), ([10, 3, 2020], 52259)]       2040.17          30.83           0.94            66.17            21.17                   0   [0.0, 0.0, 0.0]      [23.0, 138.5]                 145.44   
MadeMeSmile                 83   [([6, 3, 2020], 52261), ([10, 3, 2020], 52261)]       1722.33          22.37           0.92            76.98              ned                   0   [0.0241, 0.0241, 0.012]      [9.95, 51.95]                  53.98   
NintendoSwitch              46   [([6, 3, 2020], 52292), ([10, 3, 2020], 52292)]         440.2          50.39           0.61             8.74              ned                   1   [0.0217, 0.0, 0.0]     [11.07, 64.13]                  42.72   
backpacking                 21   [([6, 3, 2020], 52318), ([10, 3, 2020], 52318)]         76.43           6.71           0.84            11.38              ned                   0   [0.0, 0.0, 0.0]     [10.76, 60.71]                   2.24   
OutOfTheLoop                11   [([6, 3, 2020], 52325), ([10, 3, 2020], 52325)]        624.64          53.27           0.71            11.73              ned                   0   [0.0, 0.0, 0.0]     [12.91, 71.55]                 270.76   
RealGirls                   91   [([6, 3, 2020], 52331), ([10, 3, 2020], 52331)]        358.57          15.82           0.98            22.66            17.46                   0   [0.033, 0.011, 0.0]      [8.53, 42.03]                   1.27   
rickandmorty                39   [([6, 3, 2020], 52361), ([10, 3, 2020], 52361)]        411.18           8.36           0.79            49.19              ned                   0   [0.0, 0.0, 0.0]      [8.64, 45.77]                  13.44   
Cooking                     46   [([6, 3, 2020], 52374), ([10, 3, 2020], 52374)]         14.87          18.28           0.66             0.81              ned                   0   [0.0, 0.0, 0.0]      [8.63, 49.57]                  13.69   
streetwear                  73   [([6, 3, 2020], 52389), ([10, 3, 2020], 52389)]         73.51           4.44           0.78            16.56              ned                   0   [0.0, 0.0, 0.0]      [7.44, 43.62]                   2.36   
biology                     24   [([6, 3, 2020], 52413), ([10, 3, 2020], 52413)]         69.96           3.92           0.61            17.86              ned                   0   [0.0, 0.0, 0.0]      [10.0, 62.25]                   3.87   
IdiotsInCars                45   [([6, 3, 2020], 52420), ([10, 3, 2020], 52420)]       1952.78          86.96           0.82            22.46              ned                   0   [0.0444, 0.0222, 0.0]      [9.04, 48.04]                 203.39   
insanepeoplefacebook             97   [([6, 3, 2020], 52444), ([10, 3, 2020], 52444)]         982.8          46.99           0.93            20.92              ned                   0   [0.0103, 0.0, 0.0]       [8.4, 47.37]                 112.83   
MurderedByWords             33   [([6, 3, 2020], 52486), ([10, 3, 2020], 52486)]       2092.45          76.06           0.86            27.51              ned                   0   [0.0, 0.0, 0.0]      [7.21, 40.06]                  94.55   
frugalmalefashion              4   [([6, 3, 2020], 52517), ([10, 3, 2020], 52517)]          92.5           43.5           0.85             2.13              3.5                   0   [0.0, 0.0, 0.0]     [19.5, 114.75]                  11.67   
DnD                         81   [([6, 3, 2020], 52519), ([10, 3, 2020], 52519)]        309.67          13.47           0.91            22.99            15.05                  19   [0.0123, 0.0123, 0.0123]     [11.77, 66.75]                   21.5   
youseeingthisshit              5   [([6, 3, 2020], 52568), ([10, 3, 2020], 52568)]         553.4            7.4           0.89            74.78             39.8                   0   [0.0, 0.0, 0.0]        [4.6, 23.6]                  12.93   
KidsAreFuckingStupid             46   [([6, 3, 2020], 52571), ([10, 3, 2020], 52571)]        868.54           22.2           0.83            39.13              ned                   0   [0.0217, 0.0, 0.0]      [8.41, 42.89]                  58.64   
recipes                      7   [([6, 3, 2020], 52587), ([10, 3, 2020], 52587)]        115.57            7.0           0.84            16.51             8.86                   0   [0.0, 0.0, 0.0]       [4.86, 31.0]                   3.52   
TrollYChromosome              8   [([6, 3, 2020], 52589), ([10, 3, 2020], 52589)]         814.0          10.25           0.61            79.41              ned                   0   [0.0, 0.0, 0.0]       [6.62, 39.0]                  14.58   
therewasanattempt             63   [([6, 3, 2020], 52591), ([10, 3, 2020], 52591)]        2107.6          40.76           0.82            51.71              ned                   0   [0.0159, 0.0, 0.0]      [5.37, 26.22]                  94.95   
mac                         42   [([6, 3, 2020], 52617), ([10, 3, 2020], 52617)]         41.31           4.38           0.81             9.43              ned                   0   [0.0, 0.0238, 0.0238]      [9.71, 52.05]                   1.47   
nevertellmetheodds              8   [([6, 3, 2020], 52629), ([10, 3, 2020], 52629)]        198.62           3.88           0.78            51.26              ned                   0   [0.0, 0.0, 0.0]       [7.5, 39.88]                   3.33   
MovieDetails                17   [([6, 3, 2020], 52632), ([10, 3, 2020], 52632)]       4374.76          50.94           0.77            85.88              ned                   0   [0.0, 0.0, 0.0]    [34.65, 198.06]                 231.59   
WhitePeopleTwitter             92   [([6, 3, 2020], 52641), ([10, 3, 2020], 52641)]       1567.43           30.9           0.95            50.72              ned                   0   [0.0109, 0.0, 0.0]      [4.61, 25.02]                  47.82   
NoStupidQuestions             86   [([6, 3, 2020], 52674), ([10, 3, 2020], 52674)]         96.17          13.77           0.88             6.99              ned                   0   [0.0, 0.0, 0.0]     [15.23, 80.36]                  23.53   
trees                       90   [([6, 3, 2020], 52705), ([10, 3, 2020], 52705)]        422.18          16.81           0.95            25.11              ned                   0   [0.0222, 0.0111, 0.0]     [10.24, 52.59]                   17.0   
cursedcomments              90   [([6, 3, 2020], 52736), ([10, 3, 2020], 52736)]        1574.9          12.94           0.97           121.67            75.52                   0   [0.0, 0.0111, 0.0]       [1.4, 14.31]                  10.35   
ArtisanVideos                5   [([6, 3, 2020], 52765), ([10, 3, 2020], 52765)]          62.0            4.8           0.69            12.92              ned                   0   [0.0, 0.0, 0.0]        [9.4, 48.0]                   1.33   
sex                         80   [([6, 3, 2020], 52767), ([10, 3, 2020], 52767)]         75.19           19.6           0.86             3.84              ned                   0   [0.0, 0.0, 0.0]     [11.45, 60.44]                  25.35   
Awwducational                9   [([6, 3, 2020], 52794), ([10, 3, 2020], 52794)]        621.33           9.33           0.94            66.57            22.67                   0   [0.0, 0.0, 0.0]     [43.0, 257.67]                   8.26   
battlestations              54   [([6, 3, 2020], 52797), ([10, 3, 2020], 52797)]        223.52          19.02           0.88            11.75              ned                   0   [0.0, 0.0, 0.0]      [9.17, 51.28]                   6.48   
electronicmusic             40   [([6, 3, 2020], 52816), ([10, 3, 2020], 52816)]         12.53           2.45           0.86             5.11              ned                   0   [0.0, 0.0, 0.0]      [8.97, 53.05]                   1.04   
Outdoors                    37   [([6, 3, 2020], 52827), ([10, 3, 2020], 52827)]        101.62           2.11           0.95            48.21              ned                   0   [0.0, 0.0, 0.0]      [8.68, 47.41]                   0.86   
socialskills                82   [([6, 3, 2020], 52836), ([10, 3, 2020], 52836)]         71.78           6.18           0.92            11.61              ned                   0   [0.0, 0.0, 0.0]      [9.98, 53.72]                   5.85   
HistoryMemes                91   [([6, 3, 2020], 52859), ([10, 3, 2020], 52859)]       4104.74          47.73           0.97            86.01              ned                   1   [0.0, 0.011, 0.0]      [6.46, 34.33]                 121.26   
horror                      54   [([6, 3, 2020], 52903), ([10, 3, 2020], 52903)]         55.43          17.24           0.72             3.21              ned                   0   [0.0, 0.0, 0.0]      [11.2, 64.19]                   9.46   
whatisthisthing             81   [([6, 3, 2020], 52921), ([10, 3, 2020], 52921)]        124.15          14.63           0.81             8.49             1.72                   0   [0.0, 0.0, 0.0]     [17.95, 94.93]                   21.0   
StarWars                    87   [([6, 3, 2020], 52948), ([10, 3, 2020], 52948)]       1026.54           22.1           0.91            46.44              ned                   0   [0.023, 0.0115, 0.023]     [12.31, 68.79]                  26.74   
coolguides                  22   [([6, 3, 2020], 52984), ([10, 3, 2020], 52984)]       1272.45          36.18           0.87            35.17              ned                   0   [0.0, 0.0, 0.0]      [5.36, 29.77]                  55.58   
natureismetal               18   [([6, 3, 2020], 52994), ([10, 3, 2020], 52994)]       2500.06          46.06           0.94            54.28              ned                   0   [0.0556, 0.0, 0.0]      [9.11, 52.78]                  91.78   
anime                       83   [([6, 3, 2020], 53004), ([10, 3, 2020], 53004)]        329.89          27.61           0.78            11.95              ned                   2   [0.0361, 0.0, 0.0]        [9.1, 53.4]                  24.33   
MealPrepSunday              37   [([6, 3, 2020], 53041), ([10, 3, 2020], 53041)]         97.68           4.03           0.81            24.26              ned                   0   [0.0, 0.0, 0.0]     [11.03, 64.95]                   2.14   
nsfw                        40   [([6, 3, 2020], 53051), ([10, 3, 2020], 53051)]        507.27            4.6           0.94           110.28            79.65                   0   [0.0, 0.0, 0.0]      [2.67, 15.07]                   2.13   
NSFW_GIF                    27   [([6, 3, 2020], 53064), ([10, 3, 2020], 53064)]         440.3           5.74           0.91             76.7             49.0                   0   [0.0, 0.0, 0.0]      [4.52, 24.15]                    4.6   
holdthemoan                  6   [([6, 3, 2020], 53073), ([10, 3, 2020], 53073)]         728.0          16.17           0.96            45.03              ned                   0   [0.0, 0.0, 0.0]       [9.0, 45.67]                   4.33   
BustyPetite                 34   [([6, 3, 2020], 53075), ([10, 3, 2020], 53075)]        523.18           8.12           0.93            64.45              ned                   0   [0.0, 0.0, 0.0]      [4.44, 23.03]                    2.0   
cumsluts                    86   [([6, 3, 2020], 53086), ([10, 3, 2020], 53086)]        172.84            3.5           0.95            49.38              ned                   0   [0.0116, 0.0, 0.0]      [5.06, 25.85]                   3.53   
PetiteGoneWild              92   [([6, 3, 2020], 53112), ([10, 3, 2020], 53112)]        298.43          10.53           0.97            28.33              ned                   0   [0.0109, 0.0109, 0.0]      [8.85, 43.08]                   1.41   
adorableporn                60   [([6, 3, 2020], 53140), ([10, 3, 2020], 53140)]        242.57           5.67           0.92            42.81              ned                   0   [0.0, 0.0, 0.0]      [5.68, 29.18]                   0.93   
nsfw_gifs                   46   [([6, 3, 2020], 53158), ([10, 3, 2020], 53158)]        120.85            3.0           0.86            40.28              ned                   0   [0.0217, 0.0217, 0.0]       [5.2, 27.24]                   0.83   
AsiansGoneWild              95   [([6, 3, 2020], 53171), ([10, 3, 2020], 53171)]        321.99          13.64           0.98             23.6            16.63                   0   [0.0421, 0.0, 0.0316]      [7.91, 37.42]                   2.63   
GirlsFinishingTheJob             35   [([6, 3, 2020], 53203), ([10, 3, 2020], 53203)]        407.09            7.2           0.92            56.54              ned                   0   [0.0, 0.0, 0.0]      [4.51, 24.57]                  10.95   
collegesluts                93   [([6, 3, 2020], 53214), ([10, 3, 2020], 53214)]        174.12           4.51           0.96            38.65              ned                   0   [0.0, 0.0, 0.0]      [5.96, 29.72]                   1.29   
hentai                      99   [([6, 3, 2020], 53240), ([10, 3, 2020], 53240)]       1264.76          10.06           0.98           125.71           202.21                   0   [0.0, 0.0, 0.0]      [4.19, 22.13]                    8.6   
TittyDrop                   42   [([6, 3, 2020], 53271), ([10, 3, 2020], 53271)]        235.69           5.55           0.94            42.48              ned                   0   [0.0476, 0.0, 0.0]      [5.55, 29.45]                   1.45   
porninfifteenseconds             10   [([6, 3, 2020], 53286), ([10, 3, 2020], 53286)]         480.0            6.5           0.93            73.85              ned                   0   [0.0, 0.0, 0.0]        [8.3, 43.5]                  18.47   
porn                        88   [([6, 3, 2020], 53289), ([10, 3, 2020], 53289)]        106.61           2.91           0.93            36.65            26.66                   0   [0.0, 0.0, 0.0]       [7.01, 49.8]                   0.66   
ass                         76   [([6, 3, 2020], 53319), ([10, 3, 2020], 53319)]        107.53           2.12           0.89            50.76              ned                   0   [0.0, 0.0, 0.0]      [4.57, 22.58]                   0.47   
pawg                        69   [([6, 3, 2020], 53341), ([10, 3, 2020], 53341)]        161.58           2.87           0.92            56.31              ned                   0   [0.0, 0.0, 0.0]      [3.29, 16.96]                   1.22   
milf                        40   [([6, 3, 2020], 53361), ([10, 3, 2020], 53361)]        224.68          15.22           0.96            14.76            17.85                   0   [0.05, 0.05, 0.0]      [6.83, 35.67]                   1.22   
NSFWFunny                    7   [([6, 3, 2020], 53375), ([10, 3, 2020], 53375)]        386.86           16.0           0.85            24.18            28.57                   0   [0.0, 0.0, 0.0]      [6.14, 31.14]                  34.52   
OnOff                       27   [([6, 3, 2020], 53378), ([10, 3, 2020], 53378)]        222.37           6.19           0.91            35.95              ned                   0   [0.037, 0.0741, 0.0]      [7.19, 36.48]                   0.91   
Europe                      88   [([6, 3, 2020], 53885), ([10, 3, 2020], 53885)]         206.7          35.64           0.82              5.8              ned                   1   [0.0, 0.0, 0.0]     [11.41, 71.66]                  41.37   
10_03_2020_22     num_of_posts                                          datetime   avg_upvotes   avg_comments   avg_ud_ratio   avg_uc_ratio_1   avg_uc_ratio_2   num_of_oc_content        avg_awards   avg_title_length   avg_u_top10_comments   
Austria                     69   [([6, 3, 2020], 53991), ([10, 3, 2020], 53991)]         74.52          18.64           0.84              4.0              ned                   0   [0.0, 0.0, 0.0]      [7.06, 49.93]                  13.47   
