technology                  35   [([10, 3, 2020], 43204), ([14, 3, 2020], 43204)]        1678.6         101.46           0.77            16.54              ned                   0   [0.0286, 0.0, 0.0]     [12.14, 77.89]                 248.63   
memes                       99   [([10, 3, 2020], 43222), ([14, 3, 2020], 43222)]      26964.69         176.43           0.96           152.83           205.05                   0   [0.1515, 0.1111, 0.0101]      [4.85, 25.46]                 250.52   
AdviceAnimals               81   [([10, 3, 2020], 43325), ([14, 3, 2020], 43325)]       1080.42           41.0           0.76            26.35              ned                   0   [0.0247, 0.0247, 0.0]      [7.51, 40.85]                  30.98   
Fitness                      7   [([10, 3, 2020], 43352), ([14, 3, 2020], 43352)]         119.0         114.57           0.73             1.04              ned                   0   [0.0, 0.0, 0.0]       [5.14, 32.0]                  77.57   
wholesomememes              73   [([10, 3, 2020], 43358), ([14, 3, 2020], 43358)]       4717.16          34.79           0.98           135.57              ned                   2   [0.0274, 0.0137, 0.0]      [5.92, 30.62]                  91.16   
WTF                         27   [([10, 3, 2020], 43387), ([14, 3, 2020], 43387)]       2964.52         175.89           0.81            16.85              ned                   0   [0.0, 0.0, 0.0]      [7.37, 39.48]                 488.91   
politics                    99   [([10, 3, 2020], 43402), ([14, 3, 2020], 43402)]       6633.07         602.95           0.96             11.0            21.05                   0   [0.0909, 0.1313, 0.0]     [14.31, 91.44]                 545.65   
bestof                      16   [([10, 3, 2020], 43543), ([14, 3, 2020], 43543)]        913.44          62.25           0.75            14.67              ned                   0   [0.0625, 0.0625, 0.0]    [15.62, 103.81]                  70.77   
interestingasfuck             87   [([10, 3, 2020], 43552), ([14, 3, 2020], 43552)]       3628.31          77.74           0.93            46.67            32.08                   0   [0.069, 0.023, 0.0115]     [11.85, 68.38]                  171.0   
BlackPeopleTwitter             49   [([10, 3, 2020], 43599), ([14, 3, 2020], 43599)]       6795.82         108.35           0.95            62.72            56.98                   0   [0.0408, 0.0408, 0.0]      [5.69, 31.63]                 293.27   
oddlysatisfying             89   [([10, 3, 2020], 43674), ([14, 3, 2020], 43674)]       1931.27          23.36           0.91            82.68              ned                   2   [0.0, 0.0, 0.0]      [7.62, 40.74]                  50.92   
travel                      30   [([10, 3, 2020], 43710), ([14, 3, 2020], 43710)]        237.47           22.3           0.58            10.65              ned                   0   [0.0, 0.0, 0.0]     [13.27, 71.53]                  13.35   
leagueoflegends             86   [([10, 3, 2020], 43722), ([14, 3, 2020], 43722)]        604.79           46.5           0.84            13.01              ned                   0   [0.0349, 0.0, 0.0]      [9.49, 52.55]                  101.0   
facepalm                    88   [([10, 3, 2020], 43831), ([14, 3, 2020], 43831)]        908.43          27.94           0.88            32.51              ned                   0   [0.0, 0.0114, 0.0114]      [8.47, 46.23]                  49.27   
me_irl                      93   [([10, 3, 2020], 43865), ([14, 3, 2020], 43865)]       2066.25          20.27           0.94           101.94              ned                   0   [0.0108, 0.0323, 0.0]        [1.24, 6.0]                  47.37   
dankmemes                   94   [([10, 3, 2020], 43897), ([14, 3, 2020], 43897)]      14188.98          79.76           0.96           177.91           195.02                   0   [0.1064, 0.0106, 0.0106]      [4.66, 24.15]                 144.12   
NatureIsFuckingLit             55   [([10, 3, 2020], 43958), ([14, 3, 2020], 43958)]       3118.24           30.0           0.96           103.94              ned                   3   [0.0364, 0.0182, 0.0]     [10.36, 58.25]                  32.51   
pcmasterrace                87   [([10, 3, 2020], 43979), ([14, 3, 2020], 43979)]        767.83          28.33            0.9             27.1            10.91                   0   [0.023, 0.0115, 0.0]     [10.05, 52.62]                  36.23   
Tinder                      89   [([10, 3, 2020], 44014), ([14, 3, 2020], 44014)]        799.29          12.54            0.9            63.74              ned                   0   [0.0, 0.0, 0.0]       [7.11, 36.9]                  23.84   
nba                         90   [([10, 3, 2020], 44040), ([14, 3, 2020], 44040)]       1691.53         113.17           0.95            14.95            11.34                   0   [0.1, 0.0778, 0.0]    [19.86, 118.72]                 402.33   
Whatcouldgowrong             15   [([10, 3, 2020], 44110), ([14, 3, 2020], 44110)]       2824.27          76.53            0.9             36.9              ned                   0   [0.0, 0.0, 0.0]       [7.4, 36.73]                 155.71   
AnimalsBeingBros             16   [([10, 3, 2020], 44120), ([14, 3, 2020], 44120)]       3819.88          34.62           0.94           110.32              ned                   0   [0.0, 0.0, 0.0]      [7.75, 42.94]                 140.19   
PS4                         76   [([10, 3, 2020], 44127), ([14, 3, 2020], 44127)]        199.47           16.3           0.57            12.24              ned                   0   [0.0, 0.0, 0.0]     [10.71, 58.03]                  12.64   
woahdude                    14   [([10, 3, 2020], 44151), ([14, 3, 2020], 44151)]       1644.64          15.64            0.8           105.14              ned                   1   [0.0, 0.0714, 0.0]        [9.5, 53.0]                  13.88   
tattoos                     87   [([10, 3, 2020], 44157), ([14, 3, 2020], 44157)]        159.63           4.69           0.88            34.04              ned                   0   [0.0115, 0.0115, 0.0]     [13.85, 75.46]                   2.97   
AnimalsBeingJerks             27   [([10, 3, 2020], 44179), ([14, 3, 2020], 44179)]        896.89           22.3           0.91            40.23              ned                   0   [0.037, 0.0, 0.0]      [10.78, 53.3]                   40.3   
BikiniBottomTwitter             68   [([10, 3, 2020], 44189), ([14, 3, 2020], 44189)]        610.72           5.29           0.91           115.36              ned                   0   [0.0, 0.0, 0.0]      [4.63, 23.29]                   9.71   
reactiongifs                40   [([10, 3, 2020], 44207), ([14, 3, 2020], 44207)]         227.3            9.9           0.82            22.96              ned                   0   [0.025, 0.0, 0.0]      [11.7, 61.33]                   7.67   
Overwatch                   88   [([10, 3, 2020], 44219), ([14, 3, 2020], 44219)]        316.03          16.32           0.87            19.37              ned                   0   [0.0114, 0.0, 0.0]       [8.67, 46.6]                  27.31   
FoodPorn                    84   [([10, 3, 2020], 44249), ([14, 3, 2020], 44249)]        274.96           9.37           0.92            29.35              ned                   0   [0.0119, 0.0119, 0.0]      [8.07, 48.79]                   5.65   
relationship_advice             83   [([10, 3, 2020], 44273), ([14, 3, 2020], 44273)]        216.84          51.18           0.87             4.24              1.8                   0   [0.012, 0.0, 0.0]     [14.66, 78.19]                 181.26   
Unexpected                  73   [([10, 3, 2020], 44308), ([14, 3, 2020], 44308)]       2092.16          33.84           0.81            61.83              ned                   0   [0.0137, 0.0137, 0.0]      [4.29, 22.04]                  95.45   
Minecraft                   93   [([10, 3, 2020], 44335), ([14, 3, 2020], 44335)]        2892.6          46.67           0.97            61.98            41.67                   4   [0.1183, 0.0, 0.0]      [11.53, 61.6]                  90.67   
PewdiepieSubmissions             97   [([10, 3, 2020], 44459), ([14, 3, 2020], 44459)]       3865.19          32.59           0.96           118.61              ned                   1   [0.1134, 0.0206, 0.0206]      [3.42, 17.23]                   40.2   
atheism                     80   [([10, 3, 2020], 44496), ([14, 3, 2020], 44496)]        509.25          34.08           0.78            14.94              ned                   0   [0.0125, 0.025, 0.0125]     [16.48, 95.72]                  42.34   
gonewild                    98   [([10, 3, 2020], 44529), ([14, 3, 2020], 44529)]        591.34          27.62           0.98            21.41            19.88                   0   [0.0102, 0.0612, 0.0306]      [8.63, 42.99]                   2.65   
programming                 32   [([10, 3, 2020], 44566), ([14, 3, 2020], 44566)]         36.44           7.16           0.52             5.09              ned                   0   [0.0312, 0.0, 0.0]      [7.94, 49.12]                   5.44   
boardgames                  30   [([10, 3, 2020], 44576), ([14, 3, 2020], 44576)]         34.37          11.47           0.77              3.0              ned                   0   [0.0, 0.0, 0.0]        [9.2, 55.2]                   7.66   
gardening                   84   [([10, 3, 2020], 44586), ([14, 3, 2020], 44586)]        157.81           8.64           0.97            18.26              ned                   0   [0.0119, 0.0, 0.0]     [11.25, 62.77]                   5.47   
instant_regret               2   [([10, 3, 2020], 44610), ([14, 3, 2020], 44610)]       30895.5          443.5           0.95            69.66             52.0                   0   [0.0, 0.0, 0.0]        [6.5, 28.5]                1940.33   
dadjokes                    76   [([10, 3, 2020], 44614), ([14, 3, 2020], 44614)]        122.82           3.17           0.87            38.73              ned                   0   [0.0, 0.0, 0.0]      [9.74, 51.58]                   4.05   
gameofthrones               11   [([10, 3, 2020], 44633), ([14, 3, 2020], 44633)]          3.45           4.64            0.7             0.75              ned                   0   [0.0, 0.0, 0.0]     [11.82, 73.09]                   2.12   
pokemongo                   76   [([10, 3, 2020], 44636), ([14, 3, 2020], 44636)]         78.74           12.7           0.85              6.2              ned                   0   [0.0, 0.0132, 0.0]      [8.71, 48.58]                  13.93   
europe                      76   [([10, 3, 2020], 44662), ([14, 3, 2020], 44662)]        313.38          26.25           0.86            11.94              ned                   3   [0.0263, 0.0132, 0.0]     [11.18, 70.54]                  30.65   
mildlyinfuriating             94   [([10, 3, 2020], 44731), ([14, 3, 2020], 44731)]        293.12           16.6            0.9            17.66              ned                   0   [0.0, 0.0, 0.0]     [10.36, 54.72]                  23.65   
pokemon                     66   [([10, 3, 2020], 44762), ([14, 3, 2020], 44762)]        212.27          18.45           0.75             11.5              ned                   1   [0.0, 0.0303, 0.0]      [7.98, 45.17]                  22.32   
Damnthatsinteresting             79   [([10, 3, 2020], 44783), ([14, 3, 2020], 44783)]       1206.15          30.29           0.87            39.82              ned                   2   [0.0127, 0.0, 0.0]     [11.06, 63.19]                  78.83   
Games                       17   [([10, 3, 2020], 44814), ([14, 3, 2020], 44814)]         580.0          65.24           0.72             8.89              ned                   0   [0.0, 0.0, 0.0588]     [10.18, 61.41]                  64.27   
iphone                      24   [([10, 3, 2020], 44824), ([14, 3, 2020], 44824)]         31.46           8.17            0.7             3.85              ned                   0   [0.0, 0.0, 0.0]      [8.46, 49.67]                   6.42   
AnimalsBeingDerps             94   [([10, 3, 2020], 44832), ([14, 3, 2020], 44832)]       1079.44          10.14           0.94           106.47              ned                   0   [0.0106, 0.0319, 0.0]      [7.57, 39.11]                  17.13   
loseit                      48   [([10, 3, 2020], 44858), ([14, 3, 2020], 44858)]         98.69           9.62           0.83            10.25              ned                   0   [0.0625, 0.0208, 0.0]      [7.12, 38.29]                   4.24   
nonononoyes                 16   [([10, 3, 2020], 44872), ([14, 3, 2020], 44872)]         48.06           4.38           0.73            10.99              ned                   0   [0.0, 0.0, 0.0]      [5.06, 27.75]                   3.85   
itookapicture               86   [([10, 3, 2020], 44877), ([14, 3, 2020], 44877)]         126.9           2.63           0.93            48.29              ned                   0   [0.0116, 0.0, 0.0]       [6.6, 33.12]                   0.34   
drawing                     91   [([10, 3, 2020], 44899), ([14, 3, 2020], 44899)]         158.0           5.73           0.94             27.6              ned                   0   [0.011, 0.011, 0.011]      [9.95, 53.29]                   2.35   
humor                        4   [([10, 3, 2020], 44925), ([14, 3, 2020], 44925)]        127.75            5.0           0.71            25.55              ned                   0   [0.0, 0.0, 0.0]      [11.5, 74.25]                   3.92   
CrappyDesign                41   [([10, 3, 2020], 44926), ([14, 3, 2020], 44926)]        1887.0          24.37           0.81            77.44              ned                   0   [0.0244, 0.0244, 0.0]      [10.2, 53.46]                  86.98   
buildapc                    75   [([10, 3, 2020], 44940), ([14, 3, 2020], 44940)]         46.43          20.79           0.95             2.23              ned                   0   [0.0, 0.0, 0.0]        [8.8, 46.4]                   9.44   
Wellthatsucks               84   [([10, 3, 2020], 44966), ([14, 3, 2020], 44966)]        477.02          25.71           0.88            18.55              ned                   0   [0.0119, 0.0238, 0.0]     [13.61, 71.54]                  39.13   
GifRecipes                   2   [([10, 3, 2020], 44996), ([14, 3, 2020], 44996)]        6646.0          185.5           0.86            35.83             25.0                   0   [0.0, 0.5, 0.0]        [4.0, 22.5]                 420.67   
BetterEveryLoop              8   [([10, 3, 2020], 44998), ([14, 3, 2020], 44998)]       3566.88           30.5           0.91           116.95            55.75                   0   [0.125, 0.0, 0.0]      [6.38, 35.62]                  88.87   
slowcooking                 10   [([10, 3, 2020], 45002), ([14, 3, 2020], 45002)]         207.4           17.0           0.84             12.2              ned                   0   [0.0, 0.0, 0.0]        [8.2, 46.5]                   6.33   
trashy                      50   [([10, 3, 2020], 45006), ([14, 3, 2020], 45006)]       1770.82          86.48           0.88            20.48            11.06                   0   [0.0, 0.02, 0.0]      [8.74, 46.04]                 142.96   
WatchPeopleDieInside             14   [([10, 3, 2020], 45030), ([14, 3, 2020], 45030)]       3036.71          60.29           0.91            50.37            26.57                   0   [0.0, 0.0, 0.0]       [5.0, 26.43]                 261.76   
Eyebleach                   91   [([10, 3, 2020], 45037), ([14, 3, 2020], 45037)]       1215.91          11.99           0.97           101.42              ned                   0   [0.022, 0.0, 0.0]      [7.26, 37.47]                  28.03   
nfl                         53   [([10, 3, 2020], 45065), ([14, 3, 2020], 45065)]        323.38         102.62           0.86             3.15              ned                   0   [0.0, 0.0, 0.0]    [18.66, 110.23]                 112.24   
hiphopheads                 78   [([10, 3, 2020], 45188), ([14, 3, 2020], 45188)]        139.85          23.79           0.81             5.88              ned                   0   [0.0, 0.0128, 0.0]      [8.42, 47.64]                   56.7   
confession                   2   [([10, 3, 2020], 45217), ([14, 3, 2020], 45217)]          14.0           21.5           0.75             0.65              1.5                   0   [0.0, 0.0, 0.0]       [18.5, 94.5]                    9.5   
YouShouldKnow               28   [([10, 3, 2020], 45218), ([14, 3, 2020], 45218)]       1065.07          47.61           0.73            22.37              ned                   0   [0.1071, 0.0714, 0.0]    [19.96, 111.71]                  99.43   
offmychest                  87   [([10, 3, 2020], 45230), ([14, 3, 2020], 45230)]         72.43           9.56           0.93             7.57              ned                   0   [0.0115, 0.0, 0.0]     [11.24, 57.45]                  17.63   
woodworking                 71   [([10, 3, 2020], 45253), ([14, 3, 2020], 45253)]        171.37          11.52           0.92            14.87              ned                   0   [0.0, 0.0, 0.0141]     [12.89, 71.28]                   7.38   
Parenting                   26   [([10, 3, 2020], 45274), ([14, 3, 2020], 45274)]         53.69           21.0           0.83             2.56              ned                   0   [0.0, 0.0, 0.0]      [8.81, 47.65]                  32.42   
nextfuckinglevel             53   [([10, 3, 2020], 45284), ([14, 3, 2020], 45284)]       4133.68          74.36           0.93            55.59            36.28                   2   [0.1132, 0.0377, 0.0189]     [10.47, 62.02]                 149.47   
RoastMe                     54   [([10, 3, 2020], 45309), ([14, 3, 2020], 45309)]        134.57          79.13           0.89              1.7              ned                   0   [0.0, 0.0, 0.0]      [17.0, 89.35]                  61.72   
xboxone                     80   [([10, 3, 2020], 45339), ([14, 3, 2020], 45339)]         70.96          14.14           0.62             5.02              ned                   0   [0.0, 0.0, 0.0]      [8.99, 48.74]                   1.43   
MakeupAddiction             66   [([10, 3, 2020], 45363), ([14, 3, 2020], 45363)]        131.89            7.0           0.88            18.84              ned                   0   [0.0, 0.0, 0.0]      [9.02, 51.11]                   2.69   
ChoosingBeggars             30   [([10, 3, 2020], 45390), ([14, 3, 2020], 45390)]       2048.97          62.43           0.85            32.82              ned                   0   [0.0, 0.0333, 0.0]       [16.3, 84.1]                 223.81   
PublicFreakout              83   [([10, 3, 2020], 45405), ([14, 3, 2020], 45405)]       2079.14          81.98           0.85            25.36             6.72                   0   [0.0964, 0.0241, 0.012]      [8.35, 47.95]                 141.16   
AmItheAsshole               91   [([10, 3, 2020], 45447), ([14, 3, 2020], 45447)]        729.97         101.41           0.88              7.2             3.34                   0   [0.011, 0.011, 0.0]     [12.77, 67.82]                  496.3   
ChildrenFallingOver              3   [([10, 3, 2020], 45510), ([14, 3, 2020], 45510)]        256.67          11.67           0.94             22.0            19.67                   0   [0.0, 0.0, 0.0]      [6.67, 38.67]                  11.67   
cats                        87   [([10, 3, 2020], 45511), ([14, 3, 2020], 45511)]        501.31          11.33           0.98            44.23              ned                   0   [0.0115, 0.023, 0.0]     [11.44, 58.05]                   8.44   
BeAmazed                    18   [([10, 3, 2020], 45538), ([14, 3, 2020], 45538)]       3396.94           55.0            0.9            61.76              ned                   0   [0.0, 0.0, 0.0]      [9.83, 54.78]                 194.05   
pcgaming                    35   [([10, 3, 2020], 45546), ([14, 3, 2020], 45546)]        214.49          80.57           0.57             2.66              ned                   0   [0.0, 0.0, 0.0]     [10.89, 61.89]                  36.76   
HighQualityGifs             10   [([10, 3, 2020], 45563), ([14, 3, 2020], 45563)]        2338.0          108.8           0.84            21.49              ned                   0   [0.1, 0.1, 0.0]        [9.0, 49.8]                  182.6   
EatCheapAndHealthy             17   [([10, 3, 2020], 45569), ([14, 3, 2020], 45569)]         21.65          11.29           0.84             1.92              ned                   0   [0.0, 0.0, 0.0]     [10.29, 58.76]                   8.41   
teenagers                   94   [([10, 3, 2020], 45574), ([14, 3, 2020], 45574)]        1317.0          66.54           0.94            19.79            12.73                   0   [0.0106, 0.0106, 0.0]     [10.85, 56.79]                  130.9   
cars                        28   [([10, 3, 2020], 45624), ([14, 3, 2020], 45624)]        201.04          48.57           0.78             4.14              ned                   0   [0.0, 0.0, 0.0]     [10.25, 59.25]                  50.75   
Roadcam                     11   [([10, 3, 2020], 45663), ([14, 3, 2020], 45663)]        206.82          28.73           0.93              7.2             6.45                   0   [0.0, 0.0, 0.0]      [8.73, 54.64]                  30.58   
NetflixBestOf                9   [([10, 3, 2020], 45668), ([14, 3, 2020], 45668)]        159.89           38.0           0.68             4.21              ned                   0   [0.0, 0.0, 0.0]     [10.89, 68.33]                   35.3   
keto                        29   [([10, 3, 2020], 45672), ([14, 3, 2020], 45672)]         53.41          13.38           0.73             3.99              ned                   0   [0.0, 0.0, 0.0]      [5.83, 33.86]                   4.57   
raspberry_pi                 3   [([10, 3, 2020], 45681), ([14, 3, 2020], 45681)]         135.0          10.33            0.9            13.06              7.0                   0   [0.0, 0.0, 0.0]    [29.33, 148.33]                   3.89   
AskMen                      81   [([10, 3, 2020], 45682), ([14, 3, 2020], 45682)]         30.28          34.53           0.72             0.88              ned                   0   [0.0, 0.0, 0.0]     [14.31, 76.47]                  21.89   
HumansBeingBros             90   [([10, 3, 2020], 45763), ([14, 3, 2020], 45763)]        874.47          12.72           0.96            68.74            26.31                   0   [0.0222, 0.0, 0.0]      [14.1, 79.97]                  26.19   
HistoryPorn                  7   [([10, 3, 2020], 45789), ([14, 3, 2020], 45789)]        384.14           9.57           0.96            40.13              ned                   0   [0.0, 0.0, 0.0]     [19.43, 114.0]                  14.76   
MadeMeSmile                 87   [([10, 3, 2020], 45791), ([14, 3, 2020], 45791)]       1871.74          16.68           0.95           112.23              ned                   0   [0.0, 0.023, 0.0115]     [11.76, 62.38]                  53.57   
NintendoSwitch              67   [([10, 3, 2020], 45820), ([14, 3, 2020], 45820)]        362.16          24.19           0.51            14.97              ned                   1   [0.0149, 0.0, 0.0149]     [11.13, 64.16]                  26.06   
backpacking                  7   [([10, 3, 2020], 45845), ([14, 3, 2020], 45845)]        199.57           6.43           0.91            31.04            14.14                   0   [0.0, 0.0, 0.0]      [10.29, 58.0]                   2.52   
OutOfTheLoop                21   [([10, 3, 2020], 45848), ([14, 3, 2020], 45848)]        266.71          37.81            0.7             7.05              ned                   0   [0.0, 0.0, 0.0]     [12.14, 68.81]                  88.19   
RealGirls                   94   [([10, 3, 2020], 45856), ([14, 3, 2020], 45856)]        401.88          17.38           0.97            23.12            20.51                   0   [0.0213, 0.0213, 0.0]      [9.61, 46.01]                   1.36   
rickandmorty                65   [([10, 3, 2020], 45887), ([14, 3, 2020], 45887)]        321.57           5.11           0.83            62.96              ned                   2   [0.0, 0.0154, 0.0]      [8.92, 48.92]                   8.07   
Cooking                     51   [([10, 3, 2020], 45904), ([14, 3, 2020], 45904)]         18.37          14.88           0.78             1.23              ned                   0   [0.0, 0.0, 0.0]     [10.75, 59.67]                   9.31   
streetwear                  52   [([10, 3, 2020], 45919), ([14, 3, 2020], 45919)]        210.75           6.77           0.77            31.13              ned                   0   [0.0, 0.0, 0.0]       [7.1, 40.67]                   7.45   
biology                     31   [([10, 3, 2020], 45933), ([14, 3, 2020], 45933)]         29.13           4.32           0.65             6.74              ned                   0   [0.0, 0.0, 0.0]     [10.94, 64.52]                   3.47   
IdiotsInCars                49   [([10, 3, 2020], 45942), ([14, 3, 2020], 45942)]       1169.63          40.94           0.84            28.57              ned                   0   [0.0408, 0.0204, 0.0]      [8.76, 45.39]                  83.19   
insanepeoplefacebook             93   [([10, 3, 2020], 45964), ([14, 3, 2020], 45964)]        743.69          28.42           0.93            26.17              ned                   0   [0.0, 0.0, 0.0]      [9.06, 50.27]                  62.35   
MurderedByWords             73   [([10, 3, 2020], 45998), ([14, 3, 2020], 45998)]       1664.21          31.33           0.81            53.12              ned                   0   [0.0137, 0.0137, 0.0]      [7.11, 39.63]                   56.2   
frugalmalefashion              5   [([10, 3, 2020], 46064), ([14, 3, 2020], 46064)]         192.8           26.0           0.65             7.42              ned                   0   [0.0, 0.0, 0.0]        [8.6, 55.0]                  53.67   
DnD                         83   [([10, 3, 2020], 46066), ([14, 3, 2020], 46066)]        387.05          15.61           0.88            24.79              ned                  15   [0.012, 0.0241, 0.0]     [10.88, 60.84]                  19.67   
youseeingthisshit              3   [([10, 3, 2020], 46116), ([14, 3, 2020], 46116)]      17191.33         335.67           0.92            51.22             24.0                   0   [0.3333, 0.0, 0.0]      [8.33, 40.33]                1663.11   
KidsAreFuckingStupid             26   [([10, 3, 2020], 46120), ([14, 3, 2020], 46120)]       1034.35          22.96           0.86            45.05              ned                   0   [0.0, 0.0, 0.0]      [7.42, 38.92]                  36.85   
recipes                     12   [([10, 3, 2020], 46129), ([14, 3, 2020], 46129)]        210.25           9.58            0.8            21.94              ned                   0   [0.0, 0.0, 0.0]      [9.17, 51.42]                   6.53   
TrollYChromosome              8   [([10, 3, 2020], 46132), ([14, 3, 2020], 46132)]       1165.88           9.88           0.81           118.06              ned                   0   [0.0, 0.0, 0.0]       [3.62, 20.0]                   5.92   
therewasanattempt             63   [([10, 3, 2020], 46135), ([14, 3, 2020], 46135)]       1998.14          30.03           0.88            66.53              ned                   0   [0.0317, 0.0159, 0.0]      [5.25, 27.54]                  70.11   
mac                         54   [([10, 3, 2020], 46162), ([14, 3, 2020], 46162)]         29.37           7.06           0.89             4.16              ned                   0   [0.0, 0.0, 0.0]      [12.59, 67.3]                   2.06   
nevertellmetheodds              2   [([10, 3, 2020], 46177), ([14, 3, 2020], 46177)]          98.5            6.5           0.88            15.15             12.0                   0   [0.0, 0.0, 0.0]        [4.5, 24.5]                    9.0   
MovieDetails                14   [([10, 3, 2020], 46178), ([14, 3, 2020], 46178)]       5944.71         100.14           0.86            59.36              ned                   0   [0.0714, 0.0, 0.0]    [36.21, 201.79]                  398.4   
WhitePeopleTwitter             90   [([10, 3, 2020], 46186), ([14, 3, 2020], 46186)]       2954.91          40.48           0.95             73.0              ned                   0   [0.0111, 0.0222, 0.0]      [4.21, 24.27]                   75.4   
NoStupidQuestions             84   [([10, 3, 2020], 46218), ([14, 3, 2020], 46218)]         114.7          13.51           0.87             8.49             1.63                   0   [0.0119, 0.0, 0.0]      [14.0, 76.11]                  41.16   
trees                       92   [([10, 3, 2020], 46244), ([14, 3, 2020], 46244)]        378.89          15.82           0.93            23.96              ned                   0   [0.0217, 0.0109, 0.0]      [8.86, 47.23]                  15.05   
cursedcomments              86   [([10, 3, 2020], 46275), ([14, 3, 2020], 46275)]       1842.51          13.98           0.97           131.83            79.84                   0   [0.0116, 0.0, 0.0]        [1.4, 14.5]                  16.05   
ArtisanVideos                2   [([10, 3, 2020], 46303), ([14, 3, 2020], 46303)]         284.5           15.5           0.79            18.35              ned                   0   [0.0, 0.0, 0.0]        [6.0, 39.5]                  22.16   
sex                         81   [([10, 3, 2020], 46304), ([14, 3, 2020], 46304)]         99.42          28.67           0.85             3.47              ned                   0   [0.0, 0.0247, 0.0]     [10.93, 58.44]                  56.48   
Awwducational                8   [([10, 3, 2020], 46334), ([14, 3, 2020], 46334)]       3786.75           59.0           0.92            64.18             37.5                   0   [0.0, 0.0, 0.0]    [32.25, 191.75]                   78.5   
battlestations              60   [([10, 3, 2020], 46338), ([14, 3, 2020], 46338)]        128.97          12.05           0.85             10.7              ned                   0   [0.0167, 0.0167, 0.0]      [9.25, 47.88]                   4.56   
electronicmusic             21   [([10, 3, 2020], 46359), ([14, 3, 2020], 46359)]         25.71           2.76           0.88             9.31              ned                   0   [0.0, 0.0, 0.0]       [7.76, 46.0]                   1.79   
Outdoors                    33   [([10, 3, 2020], 46365), ([14, 3, 2020], 46365)]        143.21           4.06           0.89            35.27              ned                   0   [0.0, 0.0, 0.0]       [7.76, 45.0]                   2.11   
socialskills                70   [([10, 3, 2020], 46374), ([14, 3, 2020], 46374)]         51.29           5.24           0.87             9.78              ned                   0   [0.0, 0.0, 0.0]      [9.33, 49.79]                   8.98   
HistoryMemes                94   [([10, 3, 2020], 46392), ([14, 3, 2020], 46392)]       2604.78          32.26           0.97            80.75              ned                   3   [0.0, 0.0106, 0.0]      [5.77, 30.88]                  71.11   
horror                      55   [([10, 3, 2020], 46429), ([14, 3, 2020], 46429)]         35.38           9.58           0.65             3.69              ned                   0   [0.0, 0.0, 0.0]     [10.25, 58.35]                   4.17   
whatisthisthing             77   [([10, 3, 2020], 46446), ([14, 3, 2020], 46446)]        257.42           21.9           0.81            11.76              ned                   0   [0.0, 0.0, 0.0]      [15.4, 82.26]                  71.63   
StarWars                    89   [([10, 3, 2020], 46477), ([14, 3, 2020], 46477)]        591.66           14.4            0.9            41.07              ned                   0   [0.0112, 0.0, 0.0]     [11.03, 59.58]                  11.02   
coolguides                  24   [([10, 3, 2020], 46507), ([14, 3, 2020], 46507)]       2502.33          35.62           0.84            70.24              ned                   0   [0.0, 0.0417, 0.0]       [6.5, 38.33]                  70.89   
natureismetal               21   [([10, 3, 2020], 46517), ([14, 3, 2020], 46517)]       1683.05           33.0           0.97             51.0              ned                   1   [0.0, 0.0, 0.0]     [12.86, 70.95]                  86.32   
anime                       85   [([10, 3, 2020], 46526), ([14, 3, 2020], 46526)]        227.45          30.66           0.74             7.42              ned                   2   [0.0353, 0.0353, 0.0118]      [8.84, 52.14]                  20.49   
MealPrepSunday              25   [([10, 3, 2020], 46562), ([14, 3, 2020], 46562)]        289.72          11.56           0.83            25.06              ned                   0   [0.0, 0.0, 0.0]      [17.12, 94.8]                  18.01   
nsfw                        48   [([10, 3, 2020], 46570), ([14, 3, 2020], 46570)]        550.98           7.35           0.95            74.92            62.54                   0   [0.0, 0.0, 0.0]       [2.83, 16.0]                   4.22   
NSFW_GIF                    19   [([10, 3, 2020], 46584), ([14, 3, 2020], 46584)]        255.32           5.58           0.89            45.76            56.58                   0   [0.0, 0.0, 0.0]      [4.53, 24.37]                   5.88   
holdthemoan                  7   [([10, 3, 2020], 46590), ([14, 3, 2020], 46590)]        759.86           13.0           0.89            58.45              ned                   0   [0.0, 0.0, 0.0]     [10.14, 51.29]                   1.33   
BustyPetite                 28   [([10, 3, 2020], 46593), ([14, 3, 2020], 46593)]        541.32          12.39           0.95            43.68              ned                   0   [0.0714, 0.0, 0.0]      [5.29, 26.07]                   2.12   
cumsluts                    77   [([10, 3, 2020], 46602), ([14, 3, 2020], 46602)]         192.3            4.0           0.92            48.07              ned                   0   [0.0, 0.0, 0.0]      [6.95, 35.32]                   2.71   
PetiteGoneWild              89   [([10, 3, 2020], 46624), ([14, 3, 2020], 46624)]        210.84          10.08           0.97            20.92            20.48                   0   [0.0225, 0.0, 0.0]      [7.81, 37.33]                   1.77   
adorableporn                50   [([10, 3, 2020], 46650), ([14, 3, 2020], 46650)]        262.38            6.9           0.91            38.03              ned                   0   [0.02, 0.0, 0.0]       [5.8, 28.84]                   0.91   
nsfw_gifs                   46   [([10, 3, 2020], 46665), ([14, 3, 2020], 46665)]        196.78           3.76           0.91            52.32              ned                   0   [0.0, 0.0, 0.0]      [6.07, 30.76]                    1.8   
AsiansGoneWild              94   [([10, 3, 2020], 46678), ([14, 3, 2020], 46678)]        302.21          13.63           0.98            22.18            18.94                   0   [0.0213, 0.0426, 0.0319]      [8.27, 40.55]                   2.46   
GirlsFinishingTheJob             20   [([10, 3, 2020], 46707), ([14, 3, 2020], 46707)]        384.45            5.4           0.91            71.19              ned                   0   [0.0, 0.0, 0.0]        [4.3, 23.2]                    3.9   
collegesluts                90   [([10, 3, 2020], 46713), ([14, 3, 2020], 46713)]        222.46           5.59           0.95             39.8              ned                   0   [0.0, 0.0, 0.0]       [7.4, 36.52]                   1.49   
hentai                     100   [([10, 3, 2020], 46739), ([14, 3, 2020], 46739)]       1331.89           9.31           0.98           143.06           194.96                   0   [0.01, 0.0, 0.0]      [3.39, 17.88]                   7.67   
TittyDrop                   48   [([10, 3, 2020], 46769), ([14, 3, 2020], 46769)]        296.15           8.38            0.9            35.36              ned                   0   [0.0, 0.0, 0.0]      [7.35, 37.04]                   1.58   
porninfifteenseconds             12   [([10, 3, 2020], 46784), ([14, 3, 2020], 46784)]        419.58           6.33           0.93            66.25              ned                   0   [0.0, 0.0, 0.0]      [7.83, 43.75]                  12.31   
porn                        88   [([10, 3, 2020], 46788), ([14, 3, 2020], 46788)]        104.93           3.67           0.92            28.59            26.82                   0   [0.0, 0.0, 0.0]      [6.18, 44.94]                   0.71   
