Belgium                    100   [([26, 3, 2020], 43226), ([30, 3, 2020], 46826)]        887.92          87.87           0.97             10.1            16.77                   0   [0.11, 0.14, 0.0]      [8.22, 46.24]                  87.46   
slovenia                   100   [([26, 3, 2020], 43307), ([30, 3, 2020], 46907)]        636.95          26.93           0.98            23.65            29.95                   0   [0.06, 0.0, 0.0]      [4.34, 24.75]                  61.17   
Bosnia                     100   [([26, 3, 2020], 43353), ([30, 3, 2020], 46953)]         19.71           2.67           0.94             7.38              ned                   0   [0.0, 0.0, 0.0]       [8.75, 52.3]                   1.21   
Croatia                    100   [([26, 3, 2020], 43379), ([30, 3, 2020], 46979)]       1500.24          95.58           0.98             15.7            35.62                   0   [0.41, 0.12, 0.01]      [6.73, 40.99]                 146.05   
France                     100   [([26, 3, 2020], 43445), ([30, 3, 2020], 47045)]       4642.98         374.72           0.92            12.39            18.82                   1   [0.41, 0.48, 0.11]      [7.99, 46.13]                 372.84   
Germany                    100   [([26, 3, 2020], 43646), ([30, 3, 2020], 47246)]       2790.46         159.47           0.96             17.5            23.08                   1   [0.07, 0.07, 0.0]       [9.16, 52.8]                 215.42   
Ireland                    100   [([26, 3, 2020], 43758), ([30, 3, 2020], 47358)]       9723.99         473.17           0.93            20.55            31.59                   0   [0.26, 0.26, 0.04]     [10.69, 59.27]                  617.9   
thenetherlands             100   [([26, 3, 2020], 44001), ([30, 3, 2020], 47601)]       3357.55         232.73           0.95            14.43            21.48                   5   [0.17, 0.27, 0.08]     [10.73, 64.69]                 319.04   
unitedkingdom              100   [([26, 3, 2020], 44157), ([30, 3, 2020], 47757)]       3844.36         673.42           0.96             5.71             8.19                   0   [0.47, 0.62, 0.22]      [16.7, 93.26]                  640.4   
Switzerland                100   [([26, 3, 2020], 44466), ([30, 3, 2020], 48066)]        408.78          56.28           0.97             7.26             12.9                   0   [0.06, 0.09, 0.0]      [8.84, 52.45]                  43.82   
Slovakia                   100   [([26, 3, 2020], 44528), ([30, 3, 2020], 48128)]        345.92          26.17           0.97            13.22            32.06                   1   [0.06, 0.0, 0.0]      [4.62, 27.59]                  27.52   
Russia                     100   [([26, 3, 2020], 44572), ([30, 3, 2020], 48172)]        607.64          39.74           0.97            15.29             22.7                   0   [0.01, 0.0, 0.01]      [8.16, 47.42]                  28.47   
NYC                        100   [([26, 3, 2020], 44626), ([30, 3, 2020], 48226)]        4155.5          309.7           0.95            13.42            20.44                   0   [0.19, 0.2, 0.07]      [8.94, 48.66]                  408.3   
Seattle                    100   [([26, 3, 2020], 44822), ([30, 3, 2020], 48422)]       4328.76         293.34           0.93            14.76            27.23                   0   [0.16, 0.34, 0.04]     [10.69, 61.22]                  293.8   
Chicago                    100   [([26, 3, 2020], 45106), ([30, 3, 2020], 48706)]       2749.52          202.5           0.97            13.58            23.79                   0   [0.14, 0.15, 0.0]      [10.8, 60.55]                 264.95   
Toronto                    100   [([26, 3, 2020], 45252), ([30, 3, 2020], 48852)]        2649.6         246.74           0.97            10.74            21.23                   0   [0.26, 0.28, 0.08]     [11.52, 64.14]                 291.59   
LosAngeles                 100   [([26, 3, 2020], 45410), ([30, 3, 2020], 49010)]       4631.58          288.2           0.95            16.07            20.41                   0   [0.31, 0.26, 0.04]     [11.57, 64.22]                 339.98   
Portland                   100   [([26, 3, 2020], 45603), ([30, 3, 2020], 49203)]       4150.43         265.98           0.93             15.6            23.75                   0   [0.28, 0.2, 0.07]      [12.4, 70.46]                 283.08   
Boston                     100   [([26, 3, 2020], 45786), ([30, 3, 2020], 49386)]       3760.06         304.55           0.94            12.35            19.93                   0   [0.37, 0.3, 0.06]     [12.94, 74.12]                 350.66   
Austin                     100   [([26, 3, 2020], 45981), ([30, 3, 2020], 49581)]       1964.56         178.74           0.97            10.99            17.87                   0   [0.24, 0.27, 0.09]     [11.35, 61.16]                 162.91   
SanFrancisco               100   [([26, 3, 2020], 46127), ([30, 3, 2020], 49727)]       2537.59         121.39           0.95             20.9            29.68                   0   [0.09, 0.34, 0.1]      [8.59, 46.43]                 142.93   
Vancouver                  100   [([26, 3, 2020], 46233), ([30, 3, 2020], 49833)]       4315.95         285.68           0.96            15.11            20.51                   0   [0.51, 0.51, 0.08]     [11.84, 65.18]                 344.26   
WashingtonDC               100   [([26, 3, 2020], 46419), ([30, 3, 2020], 50019)]        1374.2          98.09           0.97            14.01            26.52                   2   [0.14, 0.1, 0.01]     [10.58, 58.45]                  129.3   
Houston                    100   [([26, 3, 2020], 46507), ([30, 3, 2020], 50107)]       4864.69         337.31           0.94            14.42            21.98                   0   [0.17, 0.32, 0.04]     [11.92, 66.19]                 463.57   
Atlanta                    100   [([26, 3, 2020], 46695), ([30, 3, 2020], 50295)]        4825.6         293.48           0.92            16.44            30.61                   0   [0.08, 0.15, 0.02]     [11.37, 64.99]                  423.0   
