history                    100   [([26, 3, 2020], 61473), ([30, 3, 2020], 65073)]      19686.91         976.17            0.9            20.17              ned                   0   [0.03, 0.28, 0.0]    [20.92, 126.14]                2180.45   
philosophy                 100   [([26, 3, 2020], 61768), ([30, 3, 2020], 65368)]      13961.81         931.29           0.87            14.99            22.46                   0   [0.11, 0.17, 0.01]    [22.58, 139.62]                 974.38   
Futurology                 100   [([26, 3, 2020], 62067), ([30, 3, 2020], 65667)]      62415.61        3405.83           0.87            18.33            21.63                   0   [0.8, 0.89, 0.17]    [29.03, 172.12]                 4468.9   
OldSchoolCool              100   [([26, 3, 2020], 62441), ([30, 3, 2020], 66041)]      80457.24        1606.73           0.92            50.08            61.11                   0   [0.76, 0.97, 0.13]     [15.65, 86.22]                4955.03   
WritingPrompts             100   [([26, 3, 2020], 62764), ([30, 3, 2020], 66364)]      21459.28         457.35            0.9            46.92            57.19                   0   [0.22, 0.47, 0.08]    [39.72, 218.54]                2633.78   
dataisbeautiful            100   [([26, 3, 2020], 62986), ([30, 3, 2020], 66586)]      60397.13        2505.61           0.89             24.1            33.39                   0   [2.06, 1.9, 0.32]     [12.07, 70.58]                4813.37   
personalfinance            100   [([26, 3, 2020], 63326), ([30, 3, 2020], 66926)]      24488.62         1621.5            0.9             15.1            22.35                   0   [1.06, 1.21, 0.25]     [17.91, 98.64]                3467.97   
nosleep                    100   [([26, 3, 2020], 63848), ([30, 3, 2020], 67448)]      13818.36         516.58           0.97            26.75            35.45                   0   [4.33, 3.11, 0.85]     [11.41, 59.61]                1496.85   
creepy                     100   [([26, 3, 2020], 64046), ([30, 3, 2020], 67646)]       39719.7        1235.69            0.9            32.14             42.1                   0   [0.26, 0.1, 0.0]      [6.89, 38.47]                2982.49   
TwoXChromosomes            100   [([26, 3, 2020], 64354), ([30, 3, 2020], 67954)]      43461.74        1804.41            0.8            24.09             32.0                   0   [1.5, 1.73, 0.4]    [25.76, 149.28]                 4622.8   
technology                 100   [([26, 3, 2020], 64690), ([30, 3, 2020], 68290)]      76728.67        3364.49           0.88            22.81            29.34                   0   [0.65, 1.45, 0.18]    [18.98, 116.23]                7055.89   
