memes                      100   [([26, 3, 2020], 65076), ([30, 3, 2020], 68676)]     141542.97        1282.76           0.95           110.34           143.61                   0   [10.32, 2.18, 0.58]      [5.06, 25.23]                3100.85   
AdviceAnimals              100   [([26, 3, 2020], 65372), ([30, 3, 2020], 68972)]      61093.14        2150.43           0.84            28.41            41.92                   0   [0.82, 0.74, 0.08]      [9.13, 49.49]                3249.35   
Fitness                    100   [([26, 3, 2020], 65719), ([30, 3, 2020], 69319)]       6811.72          711.9           0.93             9.57            13.25                   0   [0.33, 0.98, 0.07]     [16.92, 96.21]                 987.84   
wholesomememes             100   [([26, 3, 2020], 65975), ([30, 3, 2020], 69575)]     112295.35         852.51           0.94           131.72           162.94                   0   [2.02, 1.01, 0.23]      [5.16, 27.32]                4197.74   
WTF                        100   [([26, 3, 2020], 66263), ([30, 3, 2020], 69863)]      60134.22        2351.93           0.93            25.57             31.6                   0   [0.96, 0.74, 0.09]       [8.9, 48.67]                9395.59   
politics                   100   [([26, 3, 2020], 66620), ([30, 3, 2020], 70220)]      79653.31        6252.76           0.86            12.74            18.33                   0   [17.45, 10.22, 2.82]     [15.47, 98.04]                7204.28   
bestof                     100   [([26, 3, 2020], 66997), ([30, 3, 2020], 70597)]      35812.35        1712.42           0.84            20.91            30.57                   0   [0.12, 0.57, 0.02]    [25.94, 158.76]                3280.88   
interestingasfuck            100   [([26, 3, 2020], 67350), ([30, 3, 2020], 70950)]     107883.23        1909.44           0.94             56.5            69.44                   0   [2.34, 1.28, 0.39]     [12.95, 73.71]                7212.05   
BlackPeopleTwitter            100   [([26, 3, 2020], 67700), ([30, 3, 2020], 71300)]      99377.66        1513.51           0.91            65.66            86.83                   0   [0.97, 0.58, 0.14]      [5.13, 26.82]                5681.28   
oddlysatisfying            100   [([26, 3, 2020], 68237), ([30, 3, 2020], 71837)]      89171.96        1232.66           0.93            72.34            92.44                   5   [2.22, 1.36, 0.32]       [8.53, 48.4]                4505.77   
