iphone                     100   [([26, 3, 2020], 79472), ([30, 3, 2020], 83072)]      11408.27         470.42            0.9            24.25            31.09                   0   [0.37, 0.24, 0.01]      [9.22, 47.89]                1049.09   
AnimalsBeingDerps            100   [([26, 3, 2020], 79714), ([30, 3, 2020], 83314)]      49217.08         367.27           0.96           134.01            159.6                   0   [1.21, 0.29, 0.04]      [6.21, 33.18]                1400.62   
loseit                     100   [([26, 3, 2020], 79919), ([30, 3, 2020], 83519)]       9505.15         412.64           0.94            23.03            28.57                   0   [0.79, 1.42, 0.27]     [16.47, 86.63]                 786.27   
nonononoyes                100   [([26, 3, 2020], 80135), ([30, 3, 2020], 83735)]      43574.86         749.27           0.94            58.16            71.59                   0   [0.21, 0.1, 0.0]       [5.69, 31.1]                3630.46   
itookapicture              100   [([26, 3, 2020], 80430), ([30, 3, 2020], 84030)]      18602.36         240.69           0.94            77.29            90.47                   0   [0.26, 0.35, 0.08]      [7.92, 38.63]                 350.09   
drawing                    100   [([26, 3, 2020], 80571), ([30, 3, 2020], 84171)]      12756.33         221.86           0.96             57.5            65.59                   0   [1.02, 0.56, 0.07]     [10.07, 54.11]                  247.1   
humor                      100   [([26, 3, 2020], 80704), ([30, 3, 2020], 84304)]       3304.41         106.84           0.91            30.93            50.34                   0   [0.0, 0.03, 0.0]     [12.82, 77.58]                 154.16   
CrappyDesign               100   [([26, 3, 2020], 80798), ([30, 3, 2020], 84398)]      59809.37        1093.62           0.93            54.69            85.34                   0   [0.39, 0.17, 0.04]       [8.8, 47.49]                4427.82   
buildapc                   100   [([26, 3, 2020], 81101), ([30, 3, 2020], 84701)]       6995.99         708.58           0.93             9.87             14.5                   0   [0.53, 0.58, 0.11]     [13.98, 75.97]                1237.24   
Wellthatsucks              100   [([26, 3, 2020], 81357), ([30, 3, 2020], 84957)]      92016.17        1975.79           0.93            46.57            68.14                   0   [2.91, 1.37, 0.61]     [11.36, 60.16]                6722.95   
GifRecipes                 100   [([26, 3, 2020], 81681), ([30, 3, 2020], 85281)]      25849.75         719.02           0.88            35.95            39.51                   1   [0.11, 0.31, 0.0]      [4.44, 27.97]                1831.55   
BetterEveryLoop            100   [([26, 3, 2020], 81968), ([30, 3, 2020], 85568)]      37013.54         417.95           0.93            88.56           121.81                   0   [0.72, 0.44, 0.08]        [5.2, 29.1]                1179.75   
slowcooking                100   [([26, 3, 2020], 82169), ([30, 3, 2020], 85769)]       4580.69         176.27           0.94            25.99            32.76                   0   [0.08, 0.08, 0.0]     [13.32, 72.28]                 252.91   
trashy                     100   [([26, 3, 2020], 82284), ([30, 3, 2020], 85884)]      80145.35        2645.98           0.92            30.29            48.86                   0   [1.29, 0.73, 0.06]     [10.65, 59.75]                7665.89   
WatchPeopleDieInside            100   [([26, 3, 2020], 82608), ([30, 3, 2020], 86208)]      88039.18        1876.09           0.92            46.93           121.15                   0   [2.89, 1.13, 0.22]      [7.13, 37.38]                7982.74   
