programming                100   [([26, 3, 2020], 75847), ([30, 3, 2020], 79447)]       8259.31         773.08           0.94            10.68            13.76                   0   [0.11, 0.25, 0.02]     [15.06, 91.25]                1147.86   
boardgames                 100   [([26, 3, 2020], 76162), ([30, 3, 2020], 79762)]       3588.59         371.86           0.94             9.65            13.83                   0   [0.21, 0.68, 0.09]      [13.7, 76.95]                  415.7   
gardening                  100   [([26, 3, 2020], 76347), ([30, 3, 2020], 79947)]      18060.93         334.91           0.94            53.93            64.74                   0   [0.16, 0.18, 0.01]     [13.07, 70.84]                 638.77   
instant_regret             100   [([26, 3, 2020], 76545), ([30, 3, 2020], 80145)]      64301.34        1355.76           0.92            47.43            64.69                   0   [0.65, 0.39, 0.07]       [6.97, 37.3]                5632.07   
dadjokes                   100   [([26, 3, 2020], 76862), ([30, 3, 2020], 80462)]      20948.87         215.97           0.92             97.0           115.16                   0   [1.86, 0.77, 0.17]     [14.43, 75.21]                1580.95   
gameofthrones              100   [([26, 3, 2020], 76995), ([30, 3, 2020], 80595)]      42545.27        1406.76           0.91            30.24            48.23                   3   [2.4, 1.89, 0.36]      [13.05, 75.6]                3782.39   
pokemongo                  100   [([26, 3, 2020], 77330), ([30, 3, 2020], 80930)]      27654.11         977.46           0.88            28.29            38.42                   0   [0.03, 0.37, 0.01]       [9.14, 50.6]                1917.43   
europe                     100   [([26, 3, 2020], 77646), ([30, 3, 2020], 81246)]      47708.32        2281.94           0.89            20.91            31.91                   0   [1.08, 0.73, 0.26]      [11.67, 68.7]                3272.35   
mildlyinfuriating            100   [([26, 3, 2020], 78193), ([30, 3, 2020], 81793)]      64639.83        1783.61           0.93            36.24            45.56                   0   [0.9, 0.51, 0.05]      [11.51, 61.9]                5779.57   
pokemon                    100   [([26, 3, 2020], 78507), ([30, 3, 2020], 82107)]       42558.0        2303.11           0.93            18.48            61.68                  19   [3.82, 1.59, 0.49]      [9.53, 52.33]                2078.55   
Damnthatsinteresting            100   [([26, 3, 2020], 78789), ([30, 3, 2020], 82389)]      78595.68        1523.71           0.92            51.58            62.84                   0   [1.78, 0.92, 0.1]     [11.12, 63.97]                4493.07   
Games                      100   [([26, 3, 2020], 79117), ([30, 3, 2020], 82717)]      15156.67        1741.68           0.94              8.7           222.85                   0   [0.91, 1.3, 0.49]     [13.54, 83.11]                2440.84   
