Eyebleach                  100   [([26, 3, 2020], 82919), ([31, 3, 2020], 119)]      62124.98         549.65           0.93           113.03           136.18                   0   [1.05, 0.54, 0.08]       [8.84, 48.0]                2814.55   
nfl                        100   [([26, 3, 2020], 83173), ([31, 3, 2020], 373)]      21262.47        3074.22           0.96             6.92            13.73                   0   [6.6, 2.68, 0.75]     [16.92, 97.21]                6194.19   
hiphopheads                100   [([26, 3, 2020], 83733), ([31, 3, 2020], 933)]      17132.54        2460.26           0.97             6.96            13.24                   0   [2.27, 1.91, 0.59]     [11.48, 64.44]                4036.61   
confession                 100   [([26, 3, 2020], 84053), ([31, 3, 2020], 1253)]      16039.01         769.66           0.93            20.84            29.78                   0   [0.97, 0.74, 0.16]     [18.62, 92.62]                 3456.6   
YouShouldKnow              100   [([26, 3, 2020], 84298), ([31, 3, 2020], 1498)]      26901.04         892.04           0.93            30.16            44.53                   0   [1.18, 0.92, 0.14]    [25.84, 141.24]                1771.53   
offmychest                 100   [([26, 3, 2020], 84577), ([31, 3, 2020], 1777)]       8885.66         376.55           0.97             23.6            31.52                   0   [3.12, 2.25, 0.53]     [13.13, 66.66]                1087.24   
woodworking                100   [([26, 3, 2020], 84762), ([31, 3, 2020], 1962)]      13069.54         325.11           0.95             40.2            44.24                   2   [0.94, 0.75, 0.17]     [15.17, 81.28]                 463.54   
Parenting                  100   [([26, 3, 2020], 84937), ([31, 3, 2020], 2137)]       2907.95         201.43           0.98            14.44              ned                   0   [0.84, 0.72, 0.08]     [15.28, 79.55]                 497.56   
nextfuckinglevel            100   [([26, 3, 2020], 85063), ([31, 3, 2020], 2263)]     106098.54        1897.96           0.92             55.9            70.12                   3   [6.99, 2.36, 0.65]     [10.74, 59.25]                5057.11   
RoastMe                    100   [([26, 3, 2020], 85376), ([31, 3, 2020], 2576)]      30272.17        3756.06           0.87             8.06            10.94                   0   [2.44, 1.34, 0.43]     [17.03, 89.06]               12713.84   
xboxone                    100   [([26, 3, 2020], 85674), ([31, 3, 2020], 2874)]      26675.23        1173.44           0.89            22.73            33.29                   0   [0.91, 0.64, 0.21]     [16.69, 91.97]                1939.17   
MakeupAddiction            100   [([26, 3, 2020], 85966), ([31, 3, 2020], 3166)]      11122.14         227.34           0.95            48.92            58.02                   0   [0.59, 0.39, 0.09]      [11.06, 58.2]                 453.47   
ChoosingBeggars            100   [([26, 3, 2020], 86164), ([31, 3, 2020], 3364)]      75336.37        2342.14           0.94            32.17            49.74                   0   [8.84, 3.41, 1.32]     [13.36, 70.44]                8235.56   
