08_03_2020_01     num_of_posts                                         datetime   avg_upvotes   avg_comments   avg_ud_ratio   avg_uc_ratio_1   avg_uc_ratio_2   num_of_oc_content             avg_awards   avg_title_length   avg_u_top10_comments   
funny                       91   [([3, 3, 2020], 62317), ([7, 3, 2020], 62317)]       4916.44          82.97            0.9            59.26            37.25                   0   [0.1099, 0.011, 0.0]      [5.67, 29.81]                 234.53   
AskReddit                   93   [([3, 3, 2020], 62366), ([7, 3, 2020], 62366)]       1550.56         538.94           0.85             2.88             0.78                   0   [0.0645, 0.0215, 0.0108]     [13.19, 69.77]                 867.68   
gaming                      81   [([3, 3, 2020], 62477), ([7, 3, 2020], 62477)]       3459.36          70.94           0.89            48.77              ned                   0   [0.037, 0.0123, 0.0123]     [11.49, 60.43]                 110.15   
pics                        93   [([3, 3, 2020], 62519), ([7, 3, 2020], 62519)]       4441.22           89.8           0.89            49.46              ned                   0   [0.1075, 0.0753, 0.0]      [8.03, 44.61]                 163.66   
aww                         96   [([3, 3, 2020], 62569), ([7, 3, 2020], 62569)]        8704.1          98.58           0.97            88.29           116.31                   0   [0.3021, 0.1875, 0.0417]      [9.32, 47.86]                 307.91   
science                     10   [([3, 3, 2020], 62625), ([7, 3, 2020], 62625)]        4698.0          230.3           0.78             20.4              ned                   0   [0.0, 0.0, 0.0]      [23.5, 169.5]                 238.63   
worldnews                   95   [([3, 3, 2020], 62646), ([7, 3, 2020], 62646)]        2445.8         199.64           0.85            12.25              ned                   0   [0.0211, 0.0211, 0.0105]     [14.55, 94.13]                 355.05   
Music                       79   [([3, 3, 2020], 62711), ([7, 3, 2020], 62711)]         55.39           3.95           0.85            14.03              ned                   1   [0.0, 0.0, 0.0]      [9.84, 56.32]                   4.11   
movies                      76   [([3, 3, 2020], 62732), ([7, 3, 2020], 62732)]        424.72          92.05           0.66             4.61              ned                   0   [0.0395, 0.0132, 0.0]     [10.45, 62.53]                  142.1   
videos                      80   [([3, 3, 2020], 62766), ([7, 3, 2020], 62766)]        412.59          44.56           0.75             9.26              ned                   0   [0.025, 0.05, 0.0125]      [9.04, 52.02]                  51.22   
todayilearned               90   [([3, 3, 2020], 62803), ([7, 3, 2020], 62803)]       2522.28          69.41           0.86            36.34              ned                   0   [0.0333, 0.0222, 0.0]    [31.62, 183.28]                 206.84   
news                        30   [([3, 3, 2020], 62923), ([7, 3, 2020], 62923)]       4003.43         340.23           0.85            11.77             5.67                   0   [0.0, 0.0333, 0.0]      [12.0, 74.97]                 505.49   
IAmA                         2   [([3, 3, 2020], 62951), ([7, 3, 2020], 62951)]        5515.5          466.0           0.78            11.84              7.5                   0   [0.0, 1.5, 0.0]      [25.5, 144.5]                  189.0   
gifs                        44   [([3, 3, 2020], 62954), ([7, 3, 2020], 62954)]       4465.61         131.73           0.78             33.9              ned                   1   [0.0682, 0.0682, 0.0]      [6.18, 35.48]                 284.83   
Showerthoughts              98   [([3, 3, 2020], 62982), ([7, 3, 2020], 62982)]       2713.61          76.23           0.91             35.6              ned                   0   [0.051, 0.0102, 0.0]     [16.77, 93.04]                  256.4   
EarthPorn                   89   [([3, 3, 2020], 63029), ([7, 3, 2020], 63029)]        860.42          11.43           0.95             75.3              ned                  86   [0.0337, 0.0112, 0.0]     [10.45, 65.81]                   6.61   
askscience                  10   [([3, 3, 2020], 63054), ([7, 3, 2020], 63054)]         551.7           63.9            0.8             8.63              4.1                   0   [0.0, 0.0, 0.0]       [13.3, 72.9]                  74.43   
Jokes                       95   [([3, 3, 2020], 63059), ([7, 3, 2020], 63059)]        364.13          11.61           0.84            31.36              ned                   0   [0.0105, 0.0211, 0.0105]      [8.44, 45.23]                  37.03   
food                        94   [([3, 3, 2020], 63087), ([7, 3, 2020], 63087)]        514.45          17.35           0.94            29.65              ned                   0   [0.0, 0.0213, 0.0]        [6.6, 45.1]                   10.7   
explainlikeimfive             39   [([3, 3, 2020], 63118), ([7, 3, 2020], 63118)]         16.95           7.44           0.67             2.28              ned                   0   [0.0, 0.0, 0.0]     [15.38, 89.21]                    0.7   
books                       23   [([3, 3, 2020], 63128), ([7, 3, 2020], 63128)]         68.57          26.43           0.67             2.59              ned                   0   [0.0, 0.0, 0.0]      [11.39, 65.3]                  11.57   
blog                         1   [([3, 3, 2020], 63137), ([7, 3, 2020], 63137)]       22662.0         2535.0           0.86             8.94              9.0                   0   [7.0, 2.0, 2.0]        [3.0, 14.0]                1984.33   
LifeProTips                 72   [([3, 3, 2020], 63140), ([7, 3, 2020], 63140)]        564.14          26.89           0.65            20.98             3.61                   0   [0.0139, 0.0139, 0.0]    [25.99, 144.06]                   64.6   
mildlyinteresting             88   [([3, 3, 2020], 63166), ([7, 3, 2020], 63166)]       1431.26          25.26           0.91            56.66              ned                  88   [0.0227, 0.0114, 0.0]     [10.36, 55.64]                  71.43   
Art                         94   [([3, 3, 2020], 63195), ([7, 3, 2020], 63195)]        610.46          12.03           0.95            50.74              ned                   0   [0.0638, 0.0532, 0.0]       [6.2, 38.34]                   9.38   
DIY                         14   [([3, 3, 2020], 63226), ([7, 3, 2020], 63226)]        132.57          16.93           0.68             7.83             2.57                   0   [0.0714, 0.1429, 0.0714]      [8.93, 45.29]                   5.14   
sports                      11   [([3, 3, 2020], 63231), ([7, 3, 2020], 63231)]       3474.45           69.0           0.89            50.35              ned                   0   [0.0, 0.0, 0.0]      [15.0, 91.45]                 145.09   
space                       21   [([3, 3, 2020], 63238), ([7, 3, 2020], 63238)]        880.05          51.62           0.79            17.05              ned                   0   [0.0, 0.0, 0.0]      [10.0, 61.14]                  78.65   
nottheonion                 21   [([3, 3, 2020], 63246), ([7, 3, 2020], 63246)]        658.62          24.19           0.82            27.23              ned                   0   [0.0, 0.0, 0.0]      [11.67, 74.0]                  42.56   
gadgets                      2   [([3, 3, 2020], 63254), ([7, 3, 2020], 63254)]        1358.5           67.5           0.68            20.13             10.0                   0   [0.0, 0.0, 0.0]       [11.5, 73.0]                 164.84   
television                  30   [([3, 3, 2020], 63255), ([7, 3, 2020], 63255)]        940.17          93.63           0.67            10.04              ned                   0   [0.0333, 0.0333, 0.0]      [10.57, 67.3]                 118.69   
Documentaries               22   [([3, 3, 2020], 63269), ([7, 3, 2020], 63269)]       1158.36         144.32           0.63             8.03              ned                   0   [0.0909, 0.0455, 0.0]    [20.55, 119.73]                  80.42   
photoshopbattles             32   [([3, 3, 2020], 63281), ([7, 3, 2020], 63281)]       1463.28          24.47           0.86             59.8             9.69                   0   [0.0312, 0.0, 0.0]      [5.31, 32.97]                 109.49   
GetMotivated                13   [([3, 3, 2020], 63291), ([7, 3, 2020], 63291)]         704.0          10.85           0.87            64.91              ned                   0   [0.0, 0.0, 0.0]      [5.69, 33.46]                   8.56   
listentothis                88   [([3, 3, 2020], 63295), ([7, 3, 2020], 63295)]           5.8            0.5           0.82            11.59              ned                   1   [0.0, 0.0, 0.0]      [8.32, 50.85]                   0.23   
UpliftingNews               19   [([3, 3, 2020], 63315), ([7, 3, 2020], 63315)]       1228.58          24.74           0.88            49.67              ned                   0   [0.0, 0.0, 0.0]     [12.58, 76.58]                  86.54   
tifu                        55   [([3, 3, 2020], 63323), ([7, 3, 2020], 63323)]        867.96          45.96           0.82            18.88              ned                   0   [0.0364, 0.0, 0.0182]      [9.44, 48.76]                 406.41   
InternetIsBeautiful              1   [([3, 3, 2020], 63346), ([7, 3, 2020], 63346)]        3243.0           79.0           0.95            41.05             41.0                   0   [1.0, 0.0, 0.0]      [25.0, 116.0]                   45.0   
history                     17   [([3, 3, 2020], 63346), ([7, 3, 2020], 63346)]        114.29          10.53           0.73            10.85              ned                   0   [0.0, 0.0, 0.0]      [12.0, 73.18]                   7.31   
philosophy                   4   [([3, 3, 2020], 63352), ([7, 3, 2020], 63352)]         293.0          24.75           0.77            11.84              ned                   0   [0.0, 0.0, 0.0]       [11.5, 74.0]                  26.67   
Futurology                  30   [([3, 3, 2020], 63354), ([7, 3, 2020], 63354)]        837.57          68.67           0.78             12.2              ned                   0   [0.0, 0.0, 0.0]      [15.2, 99.63]                  86.76   
OldSchoolCool               88   [([3, 3, 2020], 63369), ([7, 3, 2020], 63369)]        813.75          26.57           0.92            30.63              ned                   0   [0.0, 0.0, 0.0]      [11.6, 64.57]                   45.0   
WritingPrompts              87   [([3, 3, 2020], 63399), ([7, 3, 2020], 63399)]        148.22            5.0           0.87            29.64             9.98                   0   [0.0, 0.0, 0.0]     [36.1, 201.52]                   9.28   
dataisbeautiful             15   [([3, 3, 2020], 63422), ([7, 3, 2020], 63422)]       1825.33          82.33           0.83            22.17             6.33                   0   [0.3333, 0.0, 0.0667]     [13.93, 88.33]                 229.84   
personalfinance             89   [([3, 3, 2020], 63429), ([7, 3, 2020], 63429)]          52.2          19.84           0.86             2.63              ned                   0   [0.0, 0.0, 0.0]      [10.3, 56.65]                  20.58   
nosleep                     36   [([3, 3, 2020], 63486), ([7, 3, 2020], 63486)]        137.67           5.69           0.91            24.18              ned                   0   [0.0556, 0.0278, 0.0]      [9.83, 48.78]                   9.88   
creepy                       3   [([3, 3, 2020], 63496), ([7, 3, 2020], 63496)]       7239.33          286.0           0.95            25.31            25.67                   0   [0.0, 0.0, 0.0]       [5.0, 31.33]                 336.33   
TwoXChromosomes             62   [([3, 3, 2020], 63500), ([7, 3, 2020], 63500)]        402.42          23.76           0.76            16.94              ned                   0   [0.0, 0.0, 0.0]     [12.29, 67.03]                  70.89   
technology                  33   [([3, 3, 2020], 63538), ([7, 3, 2020], 63538)]       1059.06          62.91           0.73            16.83              ned                   0   [0.0606, 0.0303, 0.0]     [12.88, 80.67]                 118.32   
memes                       99   [([3, 3, 2020], 63553), ([7, 3, 2020], 63553)]      24596.14         137.63           0.96           178.72           225.14                   0   [0.2727, 0.0505, 0.0101]       [4.4, 22.42]                 231.14   
AdviceAnimals               31   [([3, 3, 2020], 63634), ([7, 3, 2020], 63634)]       1086.26          31.42           0.75            34.57              ned                   0   [0.0323, 0.0, 0.0]      [7.68, 39.65]                  25.42   
Fitness                      5   [([3, 3, 2020], 63646), ([7, 3, 2020], 63646)]         189.0          236.6            0.8              0.8              1.8                   0   [0.0, 0.0, 0.0]        [6.6, 37.2]                 196.87   
wholesomememes              62   [([3, 3, 2020], 63666), ([7, 3, 2020], 63666)]       2817.77          19.87           0.98            141.8              ned                   0   [0.0, 0.0323, 0.0]      [6.95, 34.87]                  30.24   
WTF                         15   [([3, 3, 2020], 63686), ([7, 3, 2020], 63686)]       1334.13           82.8           0.84            16.11             9.73                   0   [0.0667, 0.0667, 0.0]       [9.0, 52.33]                 148.71   
politics                    96   [([3, 3, 2020], 63696), ([7, 3, 2020], 63696)]       3041.71         272.42           0.94            11.17            14.58                   0   [0.1562, 0.0104, 0.0]     [14.86, 93.07]                 224.74   
bestof                      12   [([3, 3, 2020], 63810), ([7, 3, 2020], 63810)]        390.25          24.17           0.65            16.15              ned                   0   [0.0, 0.0, 0.0]     [14.08, 91.83]                  27.81   
interestingasfuck             88   [([3, 3, 2020], 63814), ([7, 3, 2020], 63814)]       2974.82          56.61           0.92            52.55            29.74                   0   [0.0455, 0.0, 0.0]     [11.73, 67.76]                  85.81