11_03_2020_19     num_of_posts                                          datetime   avg_upvotes   avg_comments   avg_ud_ratio   avg_uc_ratio_1   avg_uc_ratio_2   num_of_oc_content                 avg_awards   avg_title_length   avg_u_top10_comments   
Seattle                     48   [([7, 3, 2020], 39601), ([11, 3, 2020], 39601)]        196.52          20.33           0.68             9.66              ned                   0   [0.0625, 0.1042, 0.0417]      [11.12, 65.5]                  23.77   
Chicago                     19   [([7, 3, 2020], 39640), ([11, 3, 2020], 39640)]        142.53          68.42           0.81             2.08              ned                   0   [0.0, 0.0, 0.0]     [12.11, 72.58]                  40.61   
Toronto                     27   [([7, 3, 2020], 39652), ([11, 3, 2020], 39652)]        129.56          59.07            0.8             2.19              ned                   0   [0.0, 0.0, 0.0]      [12.3, 74.74]                  43.04   
LosAngeles                  41   [([7, 3, 2020], 39668), ([11, 3, 2020], 39668)]        104.66          21.83           0.78             4.79              ned                   0   [0.0, 0.0, 0.0]      [10.51, 61.9]                  18.41   
Portland                    61   [([7, 3, 2020], 39684), ([11, 3, 2020], 39684)]        108.48          28.41           0.71             3.82              ned                   0   [0.0, 0.0, 0.0164]      [11.2, 66.56]                  19.14   
Boston                      40   [([7, 3, 2020], 39709), ([11, 3, 2020], 39709)]        115.12           36.8           0.74             3.13              ned                   0   [0.0, 0.0, 0.0]     [10.22, 61.05]                  32.29   
Austin                      32   [([7, 3, 2020], 39729), ([11, 3, 2020], 39729)]        124.84          31.44           0.73             3.97              ned                   0   [0.0, 0.0, 0.0]      [9.19, 54.22]                  23.89   
SanFrancisco                40   [([7, 3, 2020], 39743), ([11, 3, 2020], 39743)]         65.03           8.25           0.77             7.88              ned                   2   [0.0, 0.0, 0.0]       [9.6, 58.15]                   7.06   
Vancouver                   93   [([7, 3, 2020], 39756), ([11, 3, 2020], 39756)]         31.72          20.92           0.64             1.52              ned                   0   [0.0, 0.0, 0.0]      [9.18, 57.02]                   12.5   
WashingtonDC                26   [([7, 3, 2020], 39792), ([11, 3, 2020], 39792)]         55.73          17.46           0.77             3.19              ned                   0   [0.0, 0.0385, 0.0]      [9.85, 60.54]                  11.23   
Houston                     29   [([7, 3, 2020], 39802), ([11, 3, 2020], 39802)]         58.86           22.1           0.58             2.66              ned                   0   [0.0, 0.0, 0.0]      [8.72, 49.66]                  18.25   
Atlanta                     28   [([7, 3, 2020], 39813), ([11, 3, 2020], 39813)]         47.36          30.71           0.76             1.54              ned                   0   [0.0, 0.0, 0.0]     [10.96, 62.36]                  11.76   
Philadelphia                30   [([7, 3, 2020], 39827), ([11, 3, 2020], 39827)]        135.73          21.77           0.75             6.24              ned                   0   [0.0, 0.0, 0.0]       [9.07, 51.3]                  18.78   
Denver                      16   [([7, 3, 2020], 39838), ([11, 3, 2020], 39838)]         36.06           9.94           0.59             3.63              ned                   0   [0.125, 0.0625, 0.0]     [11.06, 63.94]                   5.88   
Melbourne                   78   [([7, 3, 2020], 39843), ([11, 3, 2020], 39843)]         74.56          14.76           0.69             5.05              ned                   0   [0.0, 0.0, 0.0]      [9.27, 53.62]                  12.45   
SanDiego                    41   [([7, 3, 2020], 39870), ([11, 3, 2020], 39870)]         46.76          10.68           0.75             4.38              ned                   1   [0.0244, 0.0488, 0.0]      [9.44, 54.73]                   9.98   
Dallas                      11   [([7, 3, 2020], 39883), ([11, 3, 2020], 39883)]          97.0          23.45            0.6             4.14              ned                   0   [0.0, 0.0, 0.0]      [8.55, 51.27]                  12.73   
Montreal                     7   [([7, 3, 2020], 39887), ([11, 3, 2020], 39887)]        118.71           52.0           0.78             2.28              ned                   0   [0.0, 0.0, 0.0]     [13.57, 78.71]                  26.43   
Sydney                      34   [([7, 3, 2020], 39891), ([11, 3, 2020], 39891)]        104.18          21.35           0.71             4.88              ned                   0   [0.0, 0.0294, 0.0]      [8.71, 50.97]                  19.16   
Pittsburgh                  23   [([7, 3, 2020], 39904), ([11, 3, 2020], 39904)]         55.17          14.04           0.61             3.93              ned                   0   [0.0, 0.0, 0.0]      [7.39, 43.57]                   6.67   
Calgary                     47   [([7, 3, 2020], 39919), ([11, 3, 2020], 39919)]         56.53          24.38           0.66             2.32              ned                   0   [0.0, 0.0, 0.0]      [9.55, 55.38]                  15.04   
Baltimore                   18   [([7, 3, 2020], 39937), ([11, 3, 2020], 39937)]         42.67          12.56           0.82              3.4              ned                   0   [0.0, 0.0, 0.0]     [13.11, 83.94]                   8.15   
StLouis                     32   [([7, 3, 2020], 39943), ([11, 3, 2020], 39943)]         40.34          18.06           0.66             2.23              ned                   0   [0.0, 0.0, 0.0]      [9.06, 54.12]                   0.75   
funny                       91   [([7, 3, 2020], 39954), ([11, 3, 2020], 39954)]       6564.85         132.77           0.89            49.45            30.89                   0   [0.1758, 0.1099, 0.011]      [6.57, 34.98]                 278.89   
AskReddit                   91   [([7, 3, 2020], 40014), ([11, 3, 2020], 40014)]       2557.77         837.91           0.81             3.05             0.68                   0   [0.0769, 0.0549, 0.0]      [12.9, 70.62]                1640.74   
gaming                      84   [([7, 3, 2020], 40127), ([11, 3, 2020], 40127)]       1596.35          38.58           0.87            41.37              ned                   0   [0.0119, 0.0119, 0.0119]     [10.15, 55.26]                  59.18   
pics                        93   [([7, 3, 2020], 40165), ([11, 3, 2020], 40165)]       2511.49          48.48           0.89             51.8              ned                   2   [0.086, 0.1505, 0.0]      [8.97, 49.58]                  55.11   
aww                         91   [([7, 3, 2020], 40209), ([11, 3, 2020], 40209)]      10074.96          100.7           0.97           100.05            97.38                   0   [0.1758, 0.0769, 0.011]     [10.23, 51.37]                 259.54   
science                     29   [([7, 3, 2020], 40271), ([11, 3, 2020], 40271)]        1201.0          39.34           0.82            30.52              ned                   0   [0.0345, 0.0, 0.0]    [25.28, 172.41]                  49.67   
worldnews                   88   [([7, 3, 2020], 40304), ([11, 3, 2020], 40304)]        2356.7         148.99           0.88            15.82              ned                   0   [0.0227, 0.0227, 0.0]      [15.3, 98.25]                 312.93   
Music                       76   [([7, 3, 2020], 40365), ([11, 3, 2020], 40365)]        132.04           8.57           0.87            15.41              ned                   0   [0.0, 0.0, 0.0]      [9.09, 52.04]                  10.35   
movies                      71   [([7, 3, 2020], 40390), ([11, 3, 2020], 40390)]        550.75           62.3           0.65             8.84              ned                   0   [0.0141, 0.0, 0.0]      [12.92, 76.2]                 103.29   
videos                      83   [([7, 3, 2020], 40431), ([11, 3, 2020], 40431)]        323.07          27.55           0.73            11.72              ned                   0   [0.0361, 0.012, 0.0]      [9.55, 55.07]                  43.34   
todayilearned               78   [([7, 3, 2020], 40463), ([11, 3, 2020], 40463)]       3671.87         122.65           0.87            29.94              ned                   0   [0.0, 0.0128, 0.0]    [33.69, 196.37]                 379.78   
news                        29   [([7, 3, 2020], 40656), ([11, 3, 2020], 40656)]       5713.86         368.14           0.87            15.52             7.79                   0   [0.2069, 0.0, 0.0]       [11.1, 71.0]                 903.75   
IAmA                         2   [([7, 3, 2020], 40687), ([11, 3, 2020], 40687)]         102.5           71.5           0.85             1.43              1.0                   0   [0.0, 0.5, 0.0]      [18.5, 125.5]                   7.67   
gifs                        46   [([7, 3, 2020], 40689), ([11, 3, 2020], 40689)]        3655.0          48.22           0.75             75.8              ned                   5   [0.1304, 0.0435, 0.0]      [6.63, 37.83]                 163.35   
Showerthoughts              94   [([7, 3, 2020], 40711), ([11, 3, 2020], 40711)]       1116.33           25.7           0.88            43.43              ned                   0   [0.0, 0.0106, 0.0]      [17.07, 94.4]                  75.03   
EarthPorn                   51   [([7, 3, 2020], 40744), ([11, 3, 2020], 40744)]       1535.47          14.12           0.95           108.76              ned                  47   [0.0588, 0.098, 0.0]      [10.98, 72.1]                   9.63   
askscience                   9   [([7, 3, 2020], 40761), ([11, 3, 2020], 40761)]         400.0           67.0            0.8             5.97              ned                   0   [0.0, 0.0, 0.0]     [16.44, 91.56]                  62.44   
Jokes                       90   [([7, 3, 2020], 40765), ([11, 3, 2020], 40765)]        845.31           17.6           0.84            48.03              ned                   0   [0.0667, 0.0111, 0.0111]      [9.71, 49.74]                  84.75   
food                        90   [([7, 3, 2020], 40793), ([11, 3, 2020], 40793)]        623.12          27.14           0.91            22.96              ned                   1   [0.0444, 0.0, 0.0]      [6.22, 41.88]                  14.55   
explainlikeimfive             37   [([7, 3, 2020], 40822), ([11, 3, 2020], 40822)]         12.08           8.49           0.67             1.42              ned                   0   [0.0, 0.0, 0.0]     [14.16, 80.95]                   0.67   
books                       30   [([7, 3, 2020], 40833), ([11, 3, 2020], 40833)]        806.93          57.33            0.7            14.07              ned                   0   [0.0667, 0.0, 0.0]       [10.2, 59.6]                  45.96   
blog                         1   [([7, 3, 2020], 40846), ([11, 3, 2020], 40846)]       22660.0         2538.0           0.86             8.93              9.0                   0   [7.0, 2.0, 2.0]        [3.0, 14.0]                 1987.0   
LifeProTips                 54   [([7, 3, 2020], 40850), ([11, 3, 2020], 40850)]       1145.83           47.0            0.7            24.38              ned                   0   [0.1296, 0.037, 0.0]    [21.91, 120.89]                 276.34   
mildlyinteresting             87   [([7, 3, 2020], 40870), ([11, 3, 2020], 40870)]        629.82          24.55           0.89            25.65              ned                  87   [0.0, 0.0, 0.0]     [11.22, 59.23]                  35.26   
Art                         87   [([7, 3, 2020], 40900), ([11, 3, 2020], 40900)]        688.94          11.38           0.94            60.54              ned                   0   [0.0, 0.0115, 0.0115]       [6.3, 38.56]                   7.32   
DIY                         10   [([7, 3, 2020], 40925), ([11, 3, 2020], 40925)]          66.7           25.1            0.6             2.66              ned                   0   [0.0, 0.0, 0.0]       [10.2, 57.5]                   6.37   
sports                       8   [([7, 3, 2020], 40929), ([11, 3, 2020], 40929)]        341.75          13.25            0.7            25.79              ned                   0   [0.0, 0.0, 0.0]    [18.12, 106.88]                  22.04   
nottheonion                 13   [([7, 3, 2020], 40932), ([11, 3, 2020], 40932)]       3291.08         107.85           0.91            30.52              ned                   0   [0.0, 0.0769, 0.0]      [9.62, 64.62]                 551.18   
gadgets                      3   [([7, 3, 2020], 40942), ([11, 3, 2020], 40942)]        130.33          19.67           0.69             6.63              ned                   0   [0.0, 0.0, 0.0]       [7.67, 55.0]                   13.0   
television                  37   [([7, 3, 2020], 40943), ([11, 3, 2020], 40943)]        505.86          54.68           0.61             9.25              ned                   0   [0.027, 0.0541, 0.0]     [10.49, 63.54]                  92.83   
Documentaries               17   [([7, 3, 2020], 40962), ([11, 3, 2020], 40962)]        318.94          28.24           0.62             11.3              ned                   0   [0.0, 0.0, 0.0]    [25.41, 151.35]                  35.92   
photoshopbattles             25   [([7, 3, 2020], 40969), ([11, 3, 2020], 40969)]        680.52          13.16           0.86            51.71             6.44                   0   [0.0, 0.0, 0.0]        [6.8, 44.0]                   33.0   
listentothis                73   [([7, 3, 2020], 40977), ([11, 3, 2020], 40977)]          13.1           1.52           0.69             8.61              ned                   2   [0.0, 0.0, 0.0]      [8.36, 52.01]                   0.59   
UpliftingNews               17   [([7, 3, 2020], 40995), ([11, 3, 2020], 40995)]       1352.06          46.06           0.92            29.36              ned                   0   [0.0, 0.0, 0.0]      [15.47, 95.0]                  60.86   
tifu                        68   [([7, 3, 2020], 41004), ([11, 3, 2020], 41004)]        509.84          29.24           0.72            17.44              ned                   0   [0.0588, 0.0147, 0.0]      [9.28, 49.47]                 212.12   
InternetIsBeautiful              1   [([7, 3, 2020], 41028), ([11, 3, 2020], 41028)]        5025.0          621.0           0.88             8.09              8.0                   0   [0.0, 0.0, 0.0]       [13.0, 71.0]                 607.33   
history                     20   [([7, 3, 2020], 41031), ([11, 3, 2020], 41031)]         117.0          27.55           0.83             4.25              ned                   0   [0.0, 0.0, 0.0]       [10.8, 62.9]                  33.28   
philosophy                   4   [([7, 3, 2020], 41040), ([11, 3, 2020], 41040)]        1177.5           73.0           0.73            16.13              ned                   0   [0.0, 0.0, 0.0]      [13.5, 84.75]                  84.84   
Futurology                  36   [([7, 3, 2020], 41042), ([11, 3, 2020], 41042)]        1302.0          98.19           0.78            13.26              ned                   0   [0.0, 0.0556, 0.0]    [20.86, 130.03]                  63.41   
OldSchoolCool               84   [([7, 3, 2020], 41058), ([11, 3, 2020], 41058)]       1067.68          31.46           0.92            33.93              ned                   0   [0.0119, 0.0357, 0.0119]      [11.9, 69.26]                  43.35   
WritingPrompts              77   [([7, 3, 2020], 41090), ([11, 3, 2020], 41090)]        159.88           5.55           0.89            28.83            11.73                   0   [0.0, 0.0, 0.0]    [36.04, 201.32]                  16.55   
dataisbeautiful             44   [([7, 3, 2020], 41113), ([11, 3, 2020], 41113)]        578.43          46.36           0.75            12.48              ned                   0   [0.0227, 0.0, 0.0]     [12.43, 77.39]                  83.44   
personalfinance             69   [([7, 3, 2020], 41134), ([11, 3, 2020], 41134)]         72.71          27.59           0.81             2.63              ned                   0   [0.0, 0.0, 0.0]     [11.64, 61.74]                  48.07   
nosleep                     61   [([7, 3, 2020], 41188), ([11, 3, 2020], 41188)]        131.18           8.07           0.84            16.26              ned                   0   [0.0164, 0.0164, 0.0]      [8.89, 45.87]                   9.06   
creepy                       2   [([7, 3, 2020], 41206), ([11, 3, 2020], 41206)]        9243.0          286.5           0.95            32.26             33.5                   0   [0.0, 0.0, 0.0]         [1.5, 8.0]                  423.0   
TwoXChromosomes             60   [([7, 3, 2020], 41209), ([11, 3, 2020], 41209)]         258.9          39.22           0.76              6.6              ned                   0   [0.0167, 0.0667, 0.0333]      [9.92, 57.27]                  64.24   
technology                  45   [([7, 3, 2020], 41263), ([11, 3, 2020], 41263)]        572.02          35.67           0.73            16.04              ned                   0   [0.0, 0.0, 0.0]     [10.78, 67.42]                   44.5   
memes                       98   [([7, 3, 2020], 41282), ([11, 3, 2020], 41282)]      23451.59         145.01           0.96           161.72           200.74                   0   [0.2755, 0.0816, 0.0]       [4.68, 24.3]                 213.29   
AdviceAnimals               34   [([7, 3, 2020], 41372), ([11, 3, 2020], 41372)]        402.53          11.62           0.76            34.65              ned                   0   [0.0, 0.0, 0.0]      [7.41, 40.76]                   8.91   
Fitness                      3   [([7, 3, 2020], 41382), ([11, 3, 2020], 41382)]        239.33         385.67           0.89             0.62             1.33                   0   [0.0, 0.0, 0.0]       [4.67, 30.0]                 222.33   
wholesomememes              62   [([7, 3, 2020], 41391), ([11, 3, 2020], 41391)]        3382.5          23.27           0.97           145.33              ned                   0   [0.0, 0.0, 0.0]       [6.1, 30.58]                  27.72   
WTF                         12   [([7, 3, 2020], 41413), ([11, 3, 2020], 41413)]       2350.17         169.92           0.84            13.83             7.58                   0   [0.0, 0.0, 0.0]      [7.17, 39.33]                  430.5   
politics                    97   [([7, 3, 2020], 41423), ([11, 3, 2020], 41423)]       5918.79        1650.89           0.93             3.59            19.24                   0   [0.134, 0.1134, 0.0]      [14.0, 89.26]                 356.17   
bestof                       6   [([7, 3, 2020], 41581), ([11, 3, 2020], 41581)]       1878.17         411.83           0.71             4.56              ned                   0   [0.3333, 0.1667, 0.0]    [21.33, 142.33]                 229.33   
interestingasfuck             84   [([7, 3, 2020], 41588), ([11, 3, 2020], 41588)]        665.51           29.8           0.92            22.33            18.68                   0   [0.0, 0.0119, 0.0]      [9.93, 57.36]                  28.85   
BlackPeopleTwitter             49   [([7, 3, 2020], 41624), ([11, 3, 2020], 41624)]       3422.18          55.53           0.95            61.63            38.14                   0   [0.0408, 0.0, 0.0]       [6.43, 33.8]                 118.56   
oddlysatisfying             86   [([7, 3, 2020], 41685), ([11, 3, 2020], 41685)]       1823.12           29.9           0.91            60.98              ned                   2   [0.0, 0.0116, 0.0116]      [6.85, 38.07]                  65.47   
travel                      35   [([7, 3, 2020], 41723), ([11, 3, 2020], 41723)]         73.97          13.17           0.69             5.62              ned                   0   [0.0, 0.0, 0.0]      [10.2, 57.31]                   5.75   
leagueoflegends             85   [([7, 3, 2020], 41734), ([11, 3, 2020], 41734)]        377.65          75.72            0.8             4.99              ned                   0   [0.0235, 0.0118, 0.0]      [9.69, 53.31]                  86.73   
facepalm                    92   [([7, 3, 2020], 41882), ([11, 3, 2020], 41882)]       1242.29          30.48           0.89            40.76              ned                   0   [0.0, 0.0, 0.0]      [7.36, 41.27]                  38.37   
me_irl                      96   [([7, 3, 2020], 41915), ([11, 3, 2020], 41915)]       1328.75          17.27           0.95            76.94              ned                   0   [0.0312, 0.0104, 0.0]        [1.29, 6.0]                  23.19   
dankmemes                   97   [([7, 3, 2020], 41946), ([11, 3, 2020], 41946)]       18586.3         105.48           0.96            176.2           212.22                   0   [0.2268, 0.0722, 0.0]      [4.43, 22.98]                 190.65   
NatureIsFuckingLit             55   [([7, 3, 2020], 42020), ([11, 3, 2020], 42020)]       1404.04          22.78           0.93            61.63              ned                   2   [0.0, 0.0, 0.0182]     [12.45, 68.22]                   23.9   
pcmasterrace                78   [([7, 3, 2020], 42040), ([11, 3, 2020], 42040)]        566.63          41.85           0.91            13.54             8.54                   0   [0.0128, 0.0128, 0.0]     [10.33, 54.04]                  33.77   
Tinder                      94   [([7, 3, 2020], 42076), ([11, 3, 2020], 42076)]        1035.6          19.28           0.93            53.72              ned                   0   [0.0319, 0.0213, 0.0]      [7.14, 36.39]                  83.52   
nba                         94   [([7, 3, 2020], 42106), ([11, 3, 2020], 42106)]         915.9         126.49           0.93             7.24             5.82                   0   [0.0532, 0.0106, 0.0]    [20.49, 119.82]                 286.04   
Whatcouldgowrong             14   [([7, 3, 2020], 42193), ([11, 3, 2020], 42193)]        3945.0          128.0           0.96            30.82            26.14                   0   [0.0, 0.0, 0.0]      [6.36, 32.43]                 403.95   
AnimalsBeingBros              9   [([7, 3, 2020], 42206), ([11, 3, 2020], 42206)]       2714.44          34.44           0.92            78.81            33.78                   0   [0.1111, 0.0, 0.0]      [7.11, 35.78]                  79.63   
PS4                         75   [([7, 3, 2020], 42209), ([11, 3, 2020], 42209)]        122.17          21.24           0.59             5.75              ned                   0   [0.0, 0.0, 0.0]     [12.89, 71.75]                  23.28   
woahdude                    28   [([7, 3, 2020], 42236), ([11, 3, 2020], 42236)]       3274.86          60.36           0.87            54.26              ned                   6   [0.25, 0.25, 0.1071]      [8.14, 44.61]                  57.47   
tattoos                     64   [([7, 3, 2020], 42250), ([11, 3, 2020], 42250)]        216.64           6.91           0.88            31.37              ned                   0   [0.0312, 0.0, 0.0]     [13.59, 76.73]                   5.57   
AnimalsBeingJerks             23   [([7, 3, 2020], 42267), ([11, 3, 2020], 42267)]       1066.43          17.65           0.89            60.41              ned                   0   [0.0, 0.0, 0.0]       [10.3, 54.7]                  40.39   
BikiniBottomTwitter             32   [([7, 3, 2020], 42275), ([11, 3, 2020], 42275)]       1669.16          24.03           0.89            69.46              ned                   0   [0.0312, 0.0, 0.0]       [5.62, 28.5]                  44.34   
reactiongifs                21   [([7, 3, 2020], 42286), ([11, 3, 2020], 42286)]        302.57           5.95           0.83            50.83              ned                   0   [0.0, 0.0, 0.0]     [13.19, 66.71]                   6.48   
Overwatch                   81   [([7, 3, 2020], 42293), ([11, 3, 2020], 42293)]        362.77          16.07           0.86            22.57              ned                   0   [0.0, 0.0247, 0.0123]      [8.14, 44.74]                  26.98   
FoodPorn                    92   [([7, 3, 2020], 42322), ([11, 3, 2020], 42322)]        195.91           5.99            0.9            32.71              ned                   0   [0.0109, 0.0, 0.0]      [9.39, 54.57]                    2.8   
relationship_advice             82   [([7, 3, 2020], 42349), ([11, 3, 2020], 42349)]         58.91          35.77           0.82             1.65              ned                   0   [0.0244, 0.0122, 0.0]      [14.78, 77.9]                  49.38   
Unexpected                  65   [([7, 3, 2020], 42387), ([11, 3, 2020], 42387)]       1944.82          24.98           0.79            77.84              ned                   0   [0.1077, 0.0154, 0.0]      [4.05, 22.51]                  92.89   
Minecraft                   94   [([7, 3, 2020], 42414), ([11, 3, 2020], 42414)]       3187.65          49.27           0.96             64.7            38.35                  10   [0.0319, 0.0532, 0.0106]      [10.3, 55.19]                 140.68   
PewdiepieSubmissions             99   [([7, 3, 2020], 42567), ([11, 3, 2020], 42567)]       5924.89          48.44           0.95            122.3           150.08                   1   [0.0606, 0.0101, 0.0]      [3.81, 19.07]                  50.82   
atheism                     81   [([7, 3, 2020], 42629), ([11, 3, 2020], 42629)]        198.74           20.2           0.82             9.84              ned                   0   [0.0123, 0.0, 0.0]     [11.78, 71.04]                  19.64   
gonewild                    99   [([7, 3, 2020], 42669), ([11, 3, 2020], 42669)]        880.62          33.11           0.98             26.6             21.8                   0   [0.1919, 0.1212, 0.0303]      [8.67, 42.51]                   5.66   
programming                 43   [([7, 3, 2020], 42719), ([11, 3, 2020], 42719)]         37.79          11.37            0.5             3.32              ned                   0   [0.0, 0.0, 0.0]      [8.35, 51.35]                  10.31   
boardgames                  28   [([7, 3, 2020], 42734), ([11, 3, 2020], 42734)]         70.75          27.21           0.74              2.6              ned                   0   [0.0, 0.0, 0.0]      [8.82, 54.11]                   9.46   
gardening                   85   [([7, 3, 2020], 42748), ([11, 3, 2020], 42748)]        154.82          10.73           0.95            14.43              ned                   0   [0.0118, 0.0118, 0.0]      [13.0, 71.61]                   7.32   
instant_regret               5   [([7, 3, 2020], 42778), ([11, 3, 2020], 42778)]        2745.0           29.2            0.7            94.01              ned                   0   [0.0, 0.0, 0.0]        [7.6, 38.8]                   70.2   
dadjokes                    88   [([7, 3, 2020], 42781), ([11, 3, 2020], 42781)]        104.74           2.55            0.8            41.15              ned                   0   [0.0, 0.0, 0.0]      [11.06, 58.1]                   5.32   
gameofthrones                7   [([7, 3, 2020], 42806), ([11, 3, 2020], 42806)]        161.14          10.29           0.77            15.67              ned                   1   [0.0, 0.0, 0.0]      [8.14, 51.43]                   4.05   
pokemongo                   84   [([7, 3, 2020], 42809), ([11, 3, 2020], 42809)]          57.6          10.92           0.59             5.28              ned                   0   [0.0119, 0.0119, 0.0]       [7.73, 43.7]                   7.62   
europe                      76   [([7, 3, 2020], 42841), ([11, 3, 2020], 42841)]        209.38           39.5           0.83              5.3              ned                   1   [0.0263, 0.0, 0.0]     [13.03, 81.33]                  31.79   
mildlyinfuriating             97   [([7, 3, 2020], 42947), ([11, 3, 2020], 42947)]        501.81           17.8           0.88            28.19              ned                   0   [0.0, 0.0, 0.0]       [8.77, 46.8]                  24.04   
pokemon                     83   [([7, 3, 2020], 42981), ([11, 3, 2020], 42981)]         854.9          20.59           0.95            41.52              ned                  14   [0.0843, 0.0361, 0.0]     [10.55, 57.96]                  20.92   
Damnthatsinteresting             78   [([7, 3, 2020], 43011), ([11, 3, 2020], 43011)]        569.14          13.24           0.88            42.97              ned                   1   [0.0, 0.0, 0.0]     [10.47, 59.44]                  12.34   
Games                       34   [([7, 3, 2020], 43042), ([11, 3, 2020], 43042)]         468.5           79.5            0.8             5.89              ned                   0   [0.0, 0.0588, 0.0]      [9.12, 55.44]                  66.89   
iphone                       2   [([7, 3, 2020], 43065), ([11, 3, 2020], 43065)]         129.5           52.0           0.78             2.49              2.0                   0   [0.0, 0.0, 0.0]       [10.0, 57.0]                  33.33   
AnimalsBeingDerps             75   [([7, 3, 2020], 43067), ([11, 3, 2020], 43067)]       1119.05          11.07           0.94           101.12              ned                   0   [0.0133, 0.0267, 0.0]      [7.41, 38.39]                   22.7   
loseit                      67   [([7, 3, 2020], 43091), ([11, 3, 2020], 43091)]         44.72          11.72           0.86             3.82              ned                   0   [0.0, 0.0, 0.0]      [8.76, 47.54]                    3.7   
nonononoyes                 28   [([7, 3, 2020], 43117), ([11, 3, 2020], 43117)]         141.0           6.32           0.73            22.31              ned                   0   [0.0, 0.0, 0.0]      [5.18, 25.25]                    5.1   
itookapicture               92   [([7, 3, 2020], 43129), ([11, 3, 2020], 43129)]        159.08           2.78           0.95            57.17              ned                   0   [0.0, 0.0109, 0.0]      [6.53, 32.93]                   1.04   
drawing                     94   [([7, 3, 2020], 43156), ([11, 3, 2020], 43156)]         93.89           3.88           0.95            24.18              ned                   0   [0.0106, 0.0, 0.0]      [9.02, 47.68]                   1.61   
humor                        6   [([7, 3, 2020], 43188), ([11, 3, 2020], 43188)]          45.5            1.0           0.72             45.5              ned                   0   [0.0, 0.0, 0.0]      [12.0, 71.33]                   1.45   
CrappyDesign                36   [([7, 3, 2020], 43189), ([11, 3, 2020], 43189)]       1109.14          17.03           0.79            65.14              ned                   0   [0.0, 0.0, 0.0]     [10.42, 53.92]                  38.89   
