ChildrenFallingOver              5   [([11, 3, 2020], 46849), ([15, 3, 2020], 46849)]          51.6            4.0           0.77             12.9              ned                   0   [0.0, 0.0, 0.0]        [4.0, 22.2]                    3.4   
cats                        98   [([11, 3, 2020], 46851), ([15, 3, 2020], 46851)]        874.22          15.78           0.98            55.42              ned                   0   [0.0306, 0.0102, 0.0]     [12.89, 65.86]                   19.2   
BeAmazed                    38   [([11, 3, 2020], 46883), ([15, 3, 2020], 46883)]       1801.89          23.13            0.9             77.9              ned                   0   [0.0789, 0.0263, 0.0]      [12.0, 74.71]                  61.19   
pcgaming                    24   [([11, 3, 2020], 46899), ([15, 3, 2020], 46899)]        265.42          35.83           0.62             7.41              ned                   0   [0.0, 0.0, 0.0]     [10.62, 59.29]                  40.99   
HighQualityGifs             14   [([11, 3, 2020], 46910), ([15, 3, 2020], 46910)]       2222.79          22.07           0.91           100.71              ned                   0   [0.2143, 0.0714, 0.0]       [6.29, 34.0]                  45.14   
EatCheapAndHealthy             10   [([11, 3, 2020], 46915), ([15, 3, 2020], 46915)]           9.0           11.3           0.84              0.8              0.9                   0   [0.0, 0.0, 0.0]        [8.8, 51.3]                    5.9   
teenagers                   93   [([11, 3, 2020], 46918), ([15, 3, 2020], 46918)]       2130.32          86.49           0.94            24.63            11.61                   0   [0.1075, 0.043, 0.0108]      [10.51, 52.9]                 266.75   
cars                        30   [([11, 3, 2020], 46971), ([15, 3, 2020], 46971)]          76.2          50.97           0.73              1.5              ned                   0   [0.0, 0.0, 0.0]     [10.17, 58.47]                  29.17   
Roadcam                      9   [([11, 3, 2020], 47017), ([15, 3, 2020], 47017)]        115.67          17.78           0.75             6.51              ned                   0   [0.0, 0.0, 0.0]      [8.44, 50.89]                   17.7   
NetflixBestOf                6   [([11, 3, 2020], 47021), ([15, 3, 2020], 47021)]         104.5           12.5           0.61             8.36              ned                   0   [0.0, 0.0, 0.0]     [10.17, 67.67]                  13.33   
keto                        36   [([11, 3, 2020], 47023), ([15, 3, 2020], 47023)]         34.89          13.94           0.73              2.5              ned                   0   [0.0, 0.0278, 0.0]      [8.17, 46.28]                   8.01   
raspberry_pi                 3   [([11, 3, 2020], 47035), ([15, 3, 2020], 47035)]        104.33          12.33           0.75             8.46              ned                   0   [0.0, 0.0, 0.0]    [25.33, 139.67]                   4.89   
AskMen                      86   [([11, 3, 2020], 47036), ([15, 3, 2020], 47036)]         69.45          38.55            0.7              1.8              ned                   0   [0.0116, 0.0, 0.0]     [14.88, 77.64]                  40.62   
HumansBeingBros             85   [([11, 3, 2020], 47129), ([15, 3, 2020], 47129)]       1751.69          18.88           0.94            92.77            28.84                   0   [0.0118, 0.0471, 0.0]     [15.55, 87.99]                  59.34   
HistoryPorn                  3   [([11, 3, 2020], 47158), ([15, 3, 2020], 47158)]       3457.67          95.67           0.96            36.14            44.33                   0   [0.0, 0.0, 0.0]    [18.33, 118.33]                 176.67   
MadeMeSmile                 87   [([11, 3, 2020], 47160), ([15, 3, 2020], 47160)]       2098.93          24.75           0.96            84.82              ned                   0   [0.046, 0.0345, 0.0115]     [13.34, 72.53]                  77.69   
NintendoSwitch              60   [([11, 3, 2020], 47195), ([15, 3, 2020], 47195)]        263.12          32.58           0.59             8.08              ned                   0   [0.0167, 0.0167, 0.0]      [9.68, 55.93]                  26.47   
backpacking                 11   [([11, 3, 2020], 47222), ([15, 3, 2020], 47222)]         94.91           8.64           0.93            10.99              ned                   0   [0.0, 0.0, 0.0]      [7.18, 44.82]                   6.33   
OutOfTheLoop                10   [([11, 3, 2020], 47225), ([15, 3, 2020], 47225)]         136.9           16.8            0.6             8.15              ned                   0   [0.0, 0.0, 0.0]       [12.6, 73.5]                  33.77   
RealGirls                   95   [([11, 3, 2020], 47229), ([15, 3, 2020], 47229)]        508.12          18.07           0.97            28.11            24.44                   0   [0.0316, 0.0421, 0.0]      [8.56, 41.14]                   1.77   
rickandmorty                73   [([11, 3, 2020], 47261), ([15, 3, 2020], 47261)]        477.25           5.56           0.77            85.81              ned                   1   [0.0137, 0.0137, 0.0]        [6.6, 33.4]                   8.12   
Cooking                     77   [([11, 3, 2020], 47283), ([15, 3, 2020], 47283)]         35.23           14.9           0.73             2.37              ned                   0   [0.0, 0.0, 0.0]      [9.26, 53.05]                  11.57   
streetwear                  79   [([11, 3, 2020], 47311), ([15, 3, 2020], 47311)]         88.35           5.23            0.8             16.9              ned                   0   [0.0, 0.0, 0.0]      [7.47, 41.67]                   4.77   
biology                     30   [([11, 3, 2020], 47333), ([15, 3, 2020], 47333)]         497.0           7.17           0.65            69.35              ned                   0   [0.0, 0.0, 0.0]      [10.93, 68.6]                   8.93   
IdiotsInCars                38   [([11, 3, 2020], 47342), ([15, 3, 2020], 47342)]       1518.32          45.95           0.87            33.04              ned                   0   [0.0, 0.0, 0.0]     [10.61, 56.11]                 110.43   
insanepeoplefacebook             89   [([11, 3, 2020], 47361), ([15, 3, 2020], 47361)]        1580.9          32.08           0.93            49.28              ned                   0   [0.0, 0.0225, 0.0]      [8.58, 48.58]                 104.89   
MurderedByWords             63   [([11, 3, 2020], 47395), ([15, 3, 2020], 47395)]       2206.25          42.54           0.82            51.86              ned                   0   [0.0, 0.0317, 0.0]      [6.21, 33.62]                 116.42   
frugalmalefashion              4   [([11, 3, 2020], 47471), ([15, 3, 2020], 47471)]          69.0          29.75           0.77             2.32              1.5                   0   [0.0, 0.0, 0.0]      [9.75, 57.75]                  33.75   
DnD                         86   [([11, 3, 2020], 47473), ([15, 3, 2020], 47473)]        317.64          13.53           0.91            23.47              ned                  20   [0.0233, 0.0116, 0.0]      [9.99, 55.55]                  18.34   
youseeingthisshit              1   [([11, 3, 2020], 47528), ([15, 3, 2020], 47528)]          58.0            6.0           0.86             9.67             10.0                   0   [0.0, 0.0, 0.0]        [8.0, 36.0]                    3.0   
KidsAreFuckingStupid             17   [([11, 3, 2020], 47529), ([15, 3, 2020], 47529)]        240.47            9.0            0.8            26.72              ned                   0   [0.0, 0.0, 0.0]      [7.24, 39.82]                  12.78   
recipes                     13   [([11, 3, 2020], 47534), ([15, 3, 2020], 47534)]        201.31          10.15           0.88            19.83              5.0                   0   [0.0, 0.0, 0.0]     [10.31, 60.31]                   8.59   
TrollYChromosome              4   [([11, 3, 2020], 47539), ([15, 3, 2020], 47539)]           5.5           1.25            0.7              4.4              ned                   0   [0.0, 0.0, 0.0]     [33.0, 181.75]                   0.33   
therewasanattempt             79   [([11, 3, 2020], 47540), ([15, 3, 2020], 47540)]       1619.66          23.52           0.81            68.87              ned                   0   [0.0, 0.0, 0.0]      [6.71, 35.56]                   54.1   
mac                         37   [([11, 3, 2020], 47571), ([15, 3, 2020], 47571)]         28.27           9.41           0.87             3.01              ned                   0   [0.0, 0.0, 0.0]     [10.78, 56.68]                   2.31   
nevertellmetheodds              7   [([11, 3, 2020], 47582), ([15, 3, 2020], 47582)]        969.86           13.0            0.9             74.6              ned                   0   [0.0, 0.0, 0.0]      [6.29, 33.57]                  21.76   
MovieDetails                27   [([11, 3, 2020], 47585), ([15, 3, 2020], 47585)]       3018.15          60.81           0.83            49.63             23.0                   0   [0.037, 0.037, 0.0]    [30.41, 168.52]                 194.48   
WhitePeopleTwitter             90   [([11, 3, 2020], 47600), ([15, 3, 2020], 47600)]        1892.7          27.92           0.94            67.78              ned                   0   [0.0, 0.0111, 0.0]      [4.44, 23.66]                  51.41   
NoStupidQuestions             82   [([11, 3, 2020], 47633), ([15, 3, 2020], 47633)]         165.3           25.9           0.86             6.38             1.83                   0   [0.0, 0.0, 0.0]     [14.74, 79.72]                  86.63   
trees                       94   [([11, 3, 2020], 47663), ([15, 3, 2020], 47663)]         349.5          17.47           0.95            20.01              ned                   0   [0.0213, 0.0, 0.0]      [9.91, 51.43]                  30.91   
cursedcomments              91   [([11, 3, 2020], 47696), ([15, 3, 2020], 47696)]       2163.24          17.48           0.97           123.73             91.0                   0   [0.0, 0.0, 0.0]      [1.42, 13.96]                  17.38   
ArtisanVideos                4   [([11, 3, 2020], 47728), ([15, 3, 2020], 47728)]         116.5           6.25           0.66            18.64              ned                   0   [0.0, 0.0, 0.0]        [8.0, 42.0]                   4.08   
sex                         74   [([11, 3, 2020], 47730), ([15, 3, 2020], 47730)]         94.39          27.99           0.81             3.37             1.59                   0   [0.0135, 0.0, 0.0]      [11.3, 59.09]                  29.23   
Awwducational                9   [([11, 3, 2020], 47758), ([15, 3, 2020], 47758)]       2099.89           15.0           0.97           139.99            62.44                   0   [0.0, 0.0, 0.0]    [37.56, 228.56]                  28.04   
battlestations              79   [([11, 3, 2020], 47762), ([15, 3, 2020], 47762)]        200.18          13.19            0.9            15.18              ned                   0   [0.0127, 0.0, 0.0]      [8.96, 48.18]                   4.42   
electronicmusic             34   [([11, 3, 2020], 47786), ([15, 3, 2020], 47786)]         13.65           3.62           0.88             3.77              ned                   0   [0.0, 0.0, 0.0]      [9.91, 55.85]                   2.82   
Outdoors                    38   [([11, 3, 2020], 47795), ([15, 3, 2020], 47795)]        156.11           7.53           0.86            20.74              ned                   0   [0.0, 0.0, 0.0]      [7.68, 42.87]                   4.01   
socialskills                57   [([11, 3, 2020], 47807), ([15, 3, 2020], 47807)]         55.23           5.51           0.87            10.03              ned                   0   [0.0, 0.0175, 0.0]      [8.77, 47.61]                   4.74   
HistoryMemes                92   [([11, 3, 2020], 47823), ([15, 3, 2020], 47823)]       3187.12          31.87           0.97           100.01              ned                   0   [0.0543, 0.0109, 0.0]      [5.66, 31.11]                  90.48   
horror                      49   [([11, 3, 2020], 47862), ([15, 3, 2020], 47862)]        100.63          16.08           0.72             6.26              ned                   0   [0.0, 0.0, 0.0]     [11.16, 64.98]                  16.98   
whatisthisthing             81   [([11, 3, 2020], 47879), ([15, 3, 2020], 47879)]         85.99          14.53           0.83             5.92             1.67                   1   [0.0, 0.0, 0.0]     [16.32, 84.26]                  20.44   
StarWars                    91   [([11, 3, 2020], 47906), ([15, 3, 2020], 47906)]         653.8          47.76           0.86            13.69              ned                   0   [0.0, 0.011, 0.0]     [11.71, 63.77]                  44.95   
coolguides                  20   [([11, 3, 2020], 47943), ([15, 3, 2020], 47943)]       5344.25          173.4           0.93            30.82              ned                   0   [0.1, 0.0, 0.0]      [5.75, 32.95]                 428.15   
natureismetal               18   [([11, 3, 2020], 47957), ([15, 3, 2020], 47957)]       2299.39          53.22           0.93             43.2            20.72                   0   [0.0, 0.0, 0.0]     [10.44, 59.83]                  136.3   
anime                       86   [([11, 3, 2020], 47967), ([15, 3, 2020], 47967)]        161.41          20.19           0.75              8.0              ned                   1   [0.0116, 0.0233, 0.0116]      [8.84, 52.76]                  14.84   
MealPrepSunday              44   [([11, 3, 2020], 48000), ([15, 3, 2020], 48000)]        204.41           8.05           0.85            25.41              ned                   0   [0.0, 0.0, 0.0]     [14.07, 80.95]                  14.88   
nsfw                        48   [([11, 3, 2020], 48013), ([15, 3, 2020], 48013)]        534.02           5.75           0.95            92.87            80.38                   0   [0.0, 0.0, 0.0]       [3.08, 16.6]                    1.9   
NSFW_GIF                    20   [([11, 3, 2020], 48029), ([15, 3, 2020], 48029)]        373.75            5.5           0.91            67.95             62.9                   0   [0.0, 0.0, 0.0]        [5.1, 29.5]                   2.63   
holdthemoan                  5   [([11, 3, 2020], 48035), ([15, 3, 2020], 48035)]        1250.8           22.4           0.95            55.84             49.2                   0   [0.0, 0.2, 0.0]        [8.4, 45.6]                   8.07   
BustyPetite                 29   [([11, 3, 2020], 48038), ([15, 3, 2020], 48038)]        536.66           7.45           0.93            72.05              ned                   0   [0.0, 0.0, 0.0]      [4.79, 25.41]                    1.1   
cumsluts                    81   [([11, 3, 2020], 48048), ([15, 3, 2020], 48048)]         154.3           3.48           0.89            44.32              ned                   0   [0.0, 0.0, 0.0]      [5.95, 30.01]                   2.47   
PetiteGoneWild              92   [([11, 3, 2020], 48071), ([15, 3, 2020], 48071)]         271.8          10.57           0.97            25.73            18.97                   0   [0.0326, 0.0326, 0.0109]      [7.46, 36.27]                   1.58   
adorableporn                52   [([11, 3, 2020], 48102), ([15, 3, 2020], 48102)]         207.5           4.96           0.93            41.82              ned                   0   [0.0, 0.0, 0.0]      [5.48, 27.62]                    0.9   
nsfw_gifs                   45   [([11, 3, 2020], 48118), ([15, 3, 2020], 48118)]        213.38           3.29           0.84            64.88              ned                   0   [0.0, 0.0222, 0.0]      [5.11, 29.27]                   1.71   
AsiansGoneWild              87   [([11, 3, 2020], 48131), ([15, 3, 2020], 48131)]        265.15           11.6           0.97            22.86             20.8                   0   [0.0345, 0.023, 0.0115]      [8.21, 40.43]                   1.76   
GirlsFinishingTheJob             28   [([11, 3, 2020], 48159), ([15, 3, 2020], 48159)]        308.36           5.25            0.9            58.73              ned                   0   [0.0, 0.0, 0.0]       [6.86, 35.5]                   5.05   
collegesluts                84   [([11, 3, 2020], 48168), ([15, 3, 2020], 48168)]         102.0           3.94           0.96            25.89              ned                   0   [0.0119, 0.0, 0.0]      [6.37, 32.32]                   0.96   
hentai                      99   [([11, 3, 2020], 48192), ([15, 3, 2020], 48192)]        883.27           8.94           0.98            98.81           172.21                   0   [0.0, 0.0, 0.0]      [4.32, 22.22]                   6.45   
TittyDrop                   48   [([11, 3, 2020], 48221), ([15, 3, 2020], 48221)]         276.9           8.65           0.92            32.03              ned                   0   [0.0, 0.0417, 0.0208]      [7.29, 35.19]                    2.4   
porninfifteenseconds             22   [([11, 3, 2020], 48237), ([15, 3, 2020], 48237)]        236.27           2.64            0.9            89.62              ned                   0   [0.0455, 0.0, 0.0]      [7.09, 39.55]                   3.73   
porn                        86   [([11, 3, 2020], 48243), ([15, 3, 2020], 48243)]        121.76           3.38           0.93            35.98            27.66                   0   [0.0, 0.0, 0.0]      [6.91, 49.86]                   0.63   
ass                         64   [([11, 3, 2020], 48272), ([15, 3, 2020], 48272)]          85.2           2.39           0.89            35.64              ned                   0   [0.0, 0.0, 0.0]      [4.48, 22.59]                    0.9   
pawg                        11   [([11, 3, 2020], 48290), ([15, 3, 2020], 48290)]        801.36           9.27           0.96            86.42              ned                   0   [0.0, 0.0, 0.0]      [3.09, 16.09]                    5.7   
milf                        32   [([11, 3, 2020], 48294), ([15, 3, 2020], 48294)]        259.34          16.03           0.93            16.18            15.94                   0   [0.0312, 0.0312, 0.0]      [7.91, 40.28]                   1.53   
NSFWFunny                   20   [([11, 3, 2020], 48305), ([15, 3, 2020], 48305)]        747.85          20.15           0.83            37.11              ned                   0   [0.0, 0.0, 0.0]       [4.25, 25.0]                  47.55   
OnOff                       26   [([11, 3, 2020], 48312), ([15, 3, 2020], 48312)]         208.0            4.0           0.92             52.0              ned                   0   [0.0, 0.0, 0.0]      [4.58, 24.04]                   0.97   
