Europe                      71   [([9, 3, 2020], 44130), ([13, 3, 2020], 44130)]         324.2          27.45           0.85            11.81              ned                   3   [0.0141, 0.0, 0.0]     [10.44, 67.65]                  30.84   
13_03_2020_20     num_of_posts                                          datetime   avg_upvotes   avg_comments   avg_ud_ratio   avg_uc_ratio_1   avg_uc_ratio_2   num_of_oc_content           avg_awards   avg_title_length   avg_u_top10_comments   
Austria                     85   [([9, 3, 2020], 44206), ([13, 3, 2020], 44206)]        118.27          23.59            0.9             5.01              ned                   0   [0.0, 0.0235, 0.0]       [7.65, 51.2]                  14.37   
Albania                     16   [([9, 3, 2020], 44242), ([13, 3, 2020], 44242)]          26.0          13.62           0.81             1.91              ned                   0   [0.0, 0.0, 0.0]       [6.75, 39.5]                   4.56   
Belgium                     17   [([9, 3, 2020], 44249), ([13, 3, 2020], 44249)]         46.59          33.47           0.81             1.39             2.18                   0   [0.0, 0.0588, 0.0]     [12.35, 74.41]                  12.53   
slovenia                    14   [([9, 3, 2020], 44256), ([13, 3, 2020], 44256)]         64.57          17.14           0.89             3.77             8.43                   0   [0.0, 0.0, 0.0]      [8.14, 46.29]                  11.62   
Bosnia                       1   [([9, 3, 2020], 44262), ([13, 3, 2020], 44262)]          10.0            1.0           0.92             10.0             10.0                   0   [0.0, 0.0, 0.0]        [6.0, 32.0]                    2.0   
Croatia                     39   [([9, 3, 2020], 44262), ([13, 3, 2020], 44262)]          61.9          27.41           0.73             2.26              ned                   0   [0.0, 0.0, 0.0]      [8.15, 49.79]                  24.56   
France                      87   [([9, 3, 2020], 44280), ([13, 3, 2020], 44280)]         119.6          51.45           0.81             2.32              ned                   1   [0.0575, 0.0, 0.0]     [12.74, 78.89]                  33.02   
Germany                     24   [([9, 3, 2020], 44332), ([13, 3, 2020], 44332)]         25.83          12.33           0.58             2.09              ned                   0   [0.0, 0.0, 0.0]      [9.46, 56.62]                   6.85   
Ireland                     93   [([9, 3, 2020], 44340), ([13, 3, 2020], 44340)]        221.85          29.16            0.9             7.61              ned                   0   [0.043, 0.0323, 0.0]     [10.34, 59.65]                  27.68   
thenetherlands              12   [([9, 3, 2020], 44378), ([13, 3, 2020], 44378)]        149.08          91.08           0.92             1.64             4.08                   0   [0.0833, 0.0, 0.0]      [12.83, 78.5]                  56.22   
unitedkingdom               37   [([9, 3, 2020], 44388), ([13, 3, 2020], 44388)]         85.27          99.03           0.78             0.86              ned                   0   [0.0, 0.0, 0.0]     [12.14, 72.24]                  23.23   
Switzerland                  9   [([9, 3, 2020], 44415), ([13, 3, 2020], 44415)]        104.22          44.67           0.88             2.33              ned                   0   [0.0, 0.0, 0.0]     [12.67, 77.33]                   5.26   
Slovakia                    19   [([9, 3, 2020], 44420), ([13, 3, 2020], 44420)]         44.58           8.74           0.89              5.1              ned                   0   [0.0, 0.0, 0.0]       [7.0, 42.79]                   6.23   
Russia                      18   [([9, 3, 2020], 44426), ([13, 3, 2020], 44426)]         22.33           6.44           0.78             3.47              ned                   0   [0.0556, 0.0, 0.0]      [7.67, 42.44]                   3.76   
NYC                         72   [([9, 3, 2020], 44433), ([13, 3, 2020], 44433)]        157.69          39.42           0.79              4.0              ned                   0   [0.0, 0.0139, 0.0]     [10.28, 56.96]                  32.82   
Seattle                     74   [([9, 3, 2020], 44470), ([13, 3, 2020], 44470)]         52.65          13.01           0.68             4.05              ned                   0   [0.0, 0.0, 0.0]     [12.19, 72.66]                  11.46   
Chicago                     24   [([9, 3, 2020], 44516), ([13, 3, 2020], 44516)]        193.42          35.75           0.86             5.41              ned                   0   [0.0417, 0.0, 0.0417]      [14.17, 85.5]                  30.61   
Toronto                     42   [([9, 3, 2020], 44529), ([13, 3, 2020], 44529)]        215.86          51.05           0.88             4.23              ned                   0   [0.0238, 0.0476, 0.0]      [11.9, 72.79]                  45.29   
LosAngeles                  42   [([9, 3, 2020], 44552), ([13, 3, 2020], 44552)]        168.98           33.6           0.81             5.03              ned                   0   [0.0, 0.0, 0.0]      [8.81, 50.38]                  29.25   
Portland                    77   [([9, 3, 2020], 44571), ([13, 3, 2020], 44571)]         96.86          29.55           0.76             3.28              ned                   0   [0.0, 0.0, 0.0]     [10.19, 60.34]                  22.62   
Boston                      55   [([9, 3, 2020], 44604), ([13, 3, 2020], 44604)]         128.6          28.69           0.84             4.48              ned                   0   [0.0, 0.0, 0.0]      [10.6, 62.15]                  28.01   
Austin                      51   [([9, 3, 2020], 44628), ([13, 3, 2020], 44628)]        133.92          42.51            0.8             3.15              ned                   0   [0.0, 0.0196, 0.0]      [10.61, 62.0]                  30.84   
SanFrancisco                33   [([9, 3, 2020], 44654), ([13, 3, 2020], 44654)]         59.15          12.09           0.77             4.89              ned                   0   [0.0, 0.0, 0.0]      [7.79, 48.58]                  10.54   
Vancouver                   72   [([9, 3, 2020], 44665), ([13, 3, 2020], 44665)]        116.25          37.79           0.77             3.08              ned                   0   [0.0, 0.0, 0.0]     [11.39, 70.33]                  33.77   
WashingtonDC                19   [([9, 3, 2020], 44698), ([13, 3, 2020], 44698)]         89.11          18.32           0.84             4.86              ned                   0   [0.0, 0.0, 0.0]     [12.89, 76.84]                  14.28   
Houston                     40   [([9, 3, 2020], 44705), ([13, 3, 2020], 44705)]        147.88           46.2           0.75              3.2              ned                   0   [0.0, 0.025, 0.0]      [9.78, 56.67]                  39.49   
Atlanta                     53   [([9, 3, 2020], 44726), ([13, 3, 2020], 44726)]          73.0          23.83           0.81             3.06              ned                   0   [0.0, 0.0189, 0.0]     [10.79, 66.36]                  12.15   
Philadelphia                35   [([9, 3, 2020], 44751), ([13, 3, 2020], 44751)]        128.83          42.17           0.76             3.05              ned                   0   [0.0, 0.0, 0.0]      [9.23, 52.14]                  26.15   
Denver                      18   [([9, 3, 2020], 44769), ([13, 3, 2020], 44769)]        140.67          36.94           0.64             3.81              ned                   0   [0.0, 0.0, 0.0]     [12.83, 73.39]                  28.45   
Melbourne                   43   [([9, 3, 2020], 44777), ([13, 3, 2020], 44777)]          88.6          20.21           0.74             4.38              ned                   0   [0.0, 0.0, 0.0]      [8.79, 51.67]                  14.61   
SanDiego                    49   [([9, 3, 2020], 44794), ([13, 3, 2020], 44794)]         60.24          16.63           0.74             3.62              ned                   0   [0.0, 0.0, 0.0]     [10.47, 58.41]                  11.91   
Dallas                      24   [([9, 3, 2020], 44811), ([13, 3, 2020], 44811)]         92.58          21.75           0.74             4.26              ned                   0   [0.0, 0.0833, 0.0]      [9.54, 54.83]                  14.19   
Montreal                    18   [([9, 3, 2020], 44821), ([13, 3, 2020], 44821)]         71.94          33.06           0.89             2.18              ned                   0   [0.0, 0.0, 0.0]      [9.67, 61.56]                  19.17   
Sydney                      53   [([9, 3, 2020], 44832), ([13, 3, 2020], 44832)]         76.34          18.89           0.73             4.04              ned                   0   [0.0189, 0.0189, 0.0]     [10.28, 61.36]                   14.0   
Pittsburgh                  30   [([9, 3, 2020], 44851), ([13, 3, 2020], 44851)]          62.5          28.83           0.71             2.17              ned                   0   [0.0, 0.0333, 0.0]      [8.33, 53.23]                  21.79   
Calgary                     79   [([9, 3, 2020], 44881), ([13, 3, 2020], 44881)]         76.89          25.67           0.71              3.0              ned                   0   [0.0506, 0.0127, 0.0]     [10.77, 63.56]                  17.78   
Baltimore                   22   [([9, 3, 2020], 44912), ([13, 3, 2020], 44912)]         62.09          15.45           0.84             4.02              ned                   0   [0.0, 0.0, 0.0]      [9.36, 56.23]                  11.95   
StLouis                     25   [([9, 3, 2020], 44920), ([13, 3, 2020], 44920)]         60.96          21.24           0.77             2.87              ned                   0   [0.0, 0.0, 0.0]      [10.2, 62.16]                   0.85   
funny                       86   [([9, 3, 2020], 44929), ([13, 3, 2020], 44929)]       5426.52          87.22           0.91            62.22            46.52                   0   [0.0465, 0.0349, 0.0]      [7.53, 40.57]                 181.26   
AskReddit                   95   [([9, 3, 2020], 44978), ([13, 3, 2020], 44978)]       1437.76         450.41            0.8             3.19             0.59                   0   [0.0421, 0.0, 0.0]     [14.65, 80.44]                 818.23   
gaming                      88   [([9, 3, 2020], 45085), ([13, 3, 2020], 45085)]       3890.69          54.35           0.88            71.58              ned                   0   [0.125, 0.0568, 0.0]       [9.3, 48.91]                 112.26   
pics                        90   [([9, 3, 2020], 45130), ([13, 3, 2020], 45130)]       4152.04         151.42           0.89            27.42              ned                   1   [0.0778, 0.0444, 0.0111]      [8.31, 46.53]                 277.27   
aww                         95   [([9, 3, 2020], 45181), ([13, 3, 2020], 45181)]       8895.83          85.43           0.97           104.13              ned                   2   [0.2632, 0.0526, 0.0]     [10.26, 53.57]                 236.62   
science                     20   [([9, 3, 2020], 45241), ([13, 3, 2020], 45241)]       1961.25          38.65           0.79            50.74              ned                   0   [0.0, 0.0, 0.0]     [25.2, 174.35]                  85.83   
worldnews                   94   [([9, 3, 2020], 45266), ([13, 3, 2020], 45266)]       4910.41         291.31           0.92            16.86            13.83                   0   [0.1383, 0.0426, 0.0213]     [15.01, 95.69]                 742.82   
Music                       76   [([9, 3, 2020], 45357), ([13, 3, 2020], 45357)]         24.39           3.91           0.84             6.24              ned                   0   [0.0, 0.0, 0.0]     [10.39, 59.45]                    4.6   
movies                      79   [([9, 3, 2020], 45382), ([13, 3, 2020], 45382)]        808.44           70.8           0.67            11.42              ned                   0   [0.0127, 0.0127, 0.0]     [10.57, 63.67]                 143.88   
videos                      79   [([9, 3, 2020], 45423), ([13, 3, 2020], 45423)]        715.94          40.78           0.74            17.55              ned                   0   [0.0253, 0.038, 0.0]      [9.42, 54.56]                  67.48   
todayilearned               75   [([9, 3, 2020], 45457), ([13, 3, 2020], 45457)]       1243.84          53.89           0.85            23.08              ned                   0   [0.0, 0.0, 0.0]    [31.01, 178.89]                 112.72   
news                        23   [([9, 3, 2020], 45572), ([13, 3, 2020], 45572)]       4500.52         250.35           0.86            17.98              ned                   0   [0.087, 0.087, 0.0]     [10.13, 66.35]                 448.61   
IAmA                         2   [([9, 3, 2020], 45597), ([13, 3, 2020], 45597)]         754.0          111.0           0.77             6.79              4.0                   0   [0.0, 0.5, 0.0]      [28.5, 175.0]                  37.34   
gifs                        50   [([9, 3, 2020], 45600), ([13, 3, 2020], 45600)]        5364.6         128.56           0.68            41.73              ned                   2   [0.12, 0.04, 0.0]      [6.96, 42.06]                 422.43   
Showerthoughts              81   [([9, 3, 2020], 45629), ([13, 3, 2020], 45629)]        566.72          24.83           0.88            22.83              ned                   0   [0.0, 0.0, 0.0]     [16.62, 91.68]                  38.24   
EarthPorn                   74   [([9, 3, 2020], 45656), ([13, 3, 2020], 45656)]       1172.89          11.73           0.94            99.99              ned                  72   [0.0405, 0.0135, 0.0]      [11.3, 72.43]                   5.76   
askscience                   4   [([9, 3, 2020], 45679), ([13, 3, 2020], 45679)]       3727.75         179.75           0.84            20.74             7.75                   0   [0.0, 0.0, 0.0]     [27.5, 147.25]                 428.33   
Jokes                       92   [([9, 3, 2020], 45681), ([13, 3, 2020], 45681)]        659.85          13.12           0.87            50.29              ned                   0   [0.0217, 0.0543, 0.0]       [9.64, 52.2]                  40.19   
food                        91   [([9, 3, 2020], 45710), ([13, 3, 2020], 45710)]         329.3          11.48           0.92            28.68              ned                   1   [0.0, 0.0, 0.0]      [6.74, 46.81]                   4.88   
explainlikeimfive             38   [([9, 3, 2020], 45738), ([13, 3, 2020], 45738)]          3.26           5.74           0.61             0.57              ned                   0   [0.0, 0.0, 0.0]      [14.39, 83.0]                   0.87   
books                       47   [([9, 3, 2020], 45748), ([13, 3, 2020], 45748)]        123.34          25.66           0.68             4.81              ned                   0   [0.0, 0.0, 0.0]     [10.34, 59.11]                  15.79   
blog                         1   [([9, 3, 2020], 45765), ([13, 3, 2020], 45765)]       22662.0         2538.0           0.86             8.93              9.0                   0   [7.0, 2.0, 2.0]        [3.0, 14.0]                1987.67   
LifeProTips                 52   [([9, 3, 2020], 45769), ([13, 3, 2020], 45769)]        136.65           15.6           0.67             8.76              ned                   0   [0.0, 0.0, 0.0]    [23.04, 122.56]                   4.54   
mildlyinteresting             90   [([9, 3, 2020], 45786), ([13, 3, 2020], 45786)]        163.99          10.81           0.88            15.17              ned                  90   [0.0111, 0.0, 0.0]     [10.38, 55.19]                   7.94   
Art                         92   [([9, 3, 2020], 45812), ([13, 3, 2020], 45812)]         786.3           14.0           0.95            56.16              ned                   0   [0.0978, 0.0326, 0.0]      [5.98, 36.98]                   7.95   
DIY                         15   [([9, 3, 2020], 45841), ([13, 3, 2020], 45841)]           2.2           5.47           0.62              0.4              ned                   0   [0.0, 0.0, 0.0]      [7.93, 45.67]                   1.27   
sports                      31   [([9, 3, 2020], 45846), ([13, 3, 2020], 45846)]        834.81          29.48           0.82            28.31              ned                   0   [0.0, 0.0, 0.0]     [11.97, 74.74]                  37.19   
nottheonion                  8   [([9, 3, 2020], 45859), ([13, 3, 2020], 45859)]       7544.75          145.5            0.9            51.85              ned                   0   [0.0, 0.0, 0.0]      [10.12, 64.0]                 703.75   
gadgets                      1   [([9, 3, 2020], 45866), ([13, 3, 2020], 45866)]        2735.0          502.0           0.88             5.45              5.0                   0   [0.0, 0.0, 0.0]       [11.0, 56.0]                 480.67   
television                  55   [([9, 3, 2020], 45870), ([13, 3, 2020], 45870)]        336.53          41.98           0.67             8.02              ned                   0   [0.0, 0.0, 0.0]     [11.91, 71.45]                  70.09   
Documentaries               13   [([9, 3, 2020], 45895), ([13, 3, 2020], 45895)]        462.62          47.77           0.58             9.68              ned                   0   [0.0, 0.0769, 0.0]    [16.62, 101.31]                  38.05   
photoshopbattles             31   [([9, 3, 2020], 45902), ([13, 3, 2020], 45902)]        836.26          10.13           0.82            82.56              ned                   0   [0.0, 0.0, 0.0]      [7.19, 43.81]                  45.26   
listentothis                80   [([9, 3, 2020], 45912), ([13, 3, 2020], 45912)]         15.24           1.19            0.8            12.83              ned                   0   [0.0, 0.0, 0.0]      [7.69, 49.69]                    0.5   
UpliftingNews               32   [([9, 3, 2020], 45931), ([13, 3, 2020], 45931)]        767.03          25.94           0.91            29.57              ned                   0   [0.0, 0.0, 0.0]      [14.0, 85.44]                  27.19   
tifu                        83   [([9, 3, 2020], 45945), ([13, 3, 2020], 45945)]        941.94          28.64           0.78            32.89              ned                   0   [0.1084, 0.012, 0.0]      [10.3, 54.48]                 143.55   
InternetIsBeautiful              1   [([9, 3, 2020], 45974), ([13, 3, 2020], 45974)]        5081.0          654.0           0.88             7.77              8.0                   0   [0.0, 0.0, 0.0]       [13.0, 71.0]                 612.67   
history                     17   [([9, 3, 2020], 45977), ([13, 3, 2020], 45977)]        141.41          24.47           0.67             5.78              ned                   0   [0.0, 0.0, 0.0]     [13.76, 80.94]                  40.84   
philosophy                   3   [([9, 3, 2020], 45983), ([13, 3, 2020], 45983)]         144.0            2.0           0.77             72.0              ned                   0   [0.0, 0.0, 0.0]       [10.0, 62.0]                   0.78   
Futurology                  31   [([9, 3, 2020], 45984), ([13, 3, 2020], 45984)]       2491.45          111.0           0.79            22.45              ned                   0   [0.0323, 0.0323, 0.0]     [19.71, 124.9]                 184.93   
OldSchoolCool               88   [([9, 3, 2020], 46000), ([13, 3, 2020], 46000)]        966.61          34.22           0.93            28.25              ned                   0   [0.0227, 0.0341, 0.0114]     [11.95, 66.68]                  43.31   
WritingPrompts              93   [([9, 3, 2020], 46030), ([13, 3, 2020], 46030)]        132.77           5.05            0.9            26.27            10.77                   0   [0.0108, 0.0108, 0.0]    [39.34, 220.33]                  10.18   
dataisbeautiful             57   [([9, 3, 2020], 46056), ([13, 3, 2020], 46056)]       1017.49          83.32           0.75            12.21              ned                   0   [0.0351, 0.0175, 0.0]     [11.75, 71.47]                  92.95   
personalfinance             83   [([9, 3, 2020], 46080), ([13, 3, 2020], 46080)]         64.35          28.28           0.85             2.28              ned                   0   [0.012, 0.012, 0.012]     [11.14, 62.51]                  21.37   
nosleep                     40   [([9, 3, 2020], 46159), ([13, 3, 2020], 46159)]        163.03            6.8           0.84            23.97              ned                   0   [0.2, 0.05, 0.0]       [7.72, 39.7]                   8.59   
creepy                       4   [([9, 3, 2020], 46172), ([13, 3, 2020], 46172)]       5244.25         242.25           0.91            21.65             17.0                   0   [0.0, 0.0, 0.0]       [3.25, 19.0]                 402.25   
TwoXChromosomes             54   [([9, 3, 2020], 46176), ([13, 3, 2020], 46176)]         256.8          16.76           0.68            15.32              ned                   0   [0.1296, 0.0185, 0.0]     [12.09, 65.13]                  26.64   
technology                  34   [([9, 3, 2020], 46212), ([13, 3, 2020], 46212)]       2106.88          89.41           0.77            23.56              ned                   0   [0.0588, 0.0, 0.0]     [11.65, 76.15]                 135.46   
memes                      100   [([9, 3, 2020], 46229), ([13, 3, 2020], 46229)]      26852.73          166.1           0.96           161.67           211.69                   0   [0.26, 0.09, 0.0]      [4.18, 21.46]                 251.92   
AdviceAnimals               78   [([9, 3, 2020], 46330), ([13, 3, 2020], 46330)]        869.19          29.97           0.77             29.0              ned                   0   [0.0, 0.0128, 0.0]      [7.37, 40.01]                  26.61   
Fitness                      4   [([9, 3, 2020], 46359), ([13, 3, 2020], 46359)]         71.25         146.25           0.75             0.49              0.5                   0   [0.0, 0.0, 0.0]        [6.5, 41.0]                  23.08   
wholesomememes              84   [([9, 3, 2020], 46365), ([13, 3, 2020], 46365)]       3874.52          29.11           0.97           133.11              ned                   2   [0.1667, 0.0595, 0.0119]      [6.36, 32.98]                  74.97   
WTF                         15   [([9, 3, 2020], 46398), ([13, 3, 2020], 46398)]        371.73           63.2           0.83             5.88             6.27                   0   [0.0, 0.0, 0.0]      [9.33, 52.53]                  48.07   
politics                    95   [([9, 3, 2020], 46407), ([13, 3, 2020], 46407)]       8165.71         510.48           0.96             16.0            21.63                   0   [0.2105, 0.2211, 0.0421]     [14.51, 91.95]                 441.98   
bestof                       8   [([9, 3, 2020], 46555), ([13, 3, 2020], 46555)]        938.88          53.38           0.71            17.59              ned                   0   [0.0, 0.0, 0.0]    [20.88, 124.25]                  83.92   
interestingasfuck             86   [([9, 3, 2020], 46560), ([13, 3, 2020], 46560)]       3171.26          53.63           0.92            59.13            31.91                   0   [0.0116, 0.0233, 0.0]     [10.76, 61.57]                 128.42   
BlackPeopleTwitter             55   [([9, 3, 2020], 46604), ([13, 3, 2020], 46604)]       4413.33           57.0           0.95            77.43              ned                   0   [0.0, 0.0, 0.0]      [6.04, 33.53]                 137.04   
oddlysatisfying             90   [([9, 3, 2020], 46689), ([13, 3, 2020], 46689)]        1513.9          17.58           0.92            86.13              ned                   2   [0.0222, 0.0, 0.0]      [6.29, 36.16]                  24.55   
travel                      33   [([9, 3, 2020], 46724), ([13, 3, 2020], 46724)]        315.48          12.45           0.71            25.33              ned                   0   [0.0, 0.0, 0.0]     [10.03, 57.82]                   6.09   
leagueoflegends             78   [([9, 3, 2020], 46735), ([13, 3, 2020], 46735)]        306.47          27.92           0.76            10.98              ned                   0   [0.0128, 0.0128, 0.0]     [10.63, 58.03]                  44.16   
