NoStupidQuestions             93   [([9, 3, 2020], 50425), ([13, 3, 2020], 50425)]         17.52          11.14           0.87             1.57              ned                   0   [0.0, 0.0, 0.0]      [15.18, 83.3]                   9.57   
trees                       96   [([9, 3, 2020], 50452), ([13, 3, 2020], 50452)]        265.38          15.31           0.94            17.33              ned                   0   [0.0, 0.0, 0.0]     [11.47, 62.27]                  11.66   
cursedcomments              91   [([9, 3, 2020], 50484), ([13, 3, 2020], 50484)]       2335.79          15.82           0.96           147.61            85.63                   0   [0.0, 0.0, 0.0]      [1.36, 14.42]                  20.19   
ArtisanVideos                1   [([9, 3, 2020], 50513), ([13, 3, 2020], 50513)]         135.0           12.0           0.88            11.25             11.0                   0   [0.0, 0.0, 0.0]        [7.0, 48.0]                    6.0   
sex                         88   [([9, 3, 2020], 50514), ([13, 3, 2020], 50514)]         32.03          16.74           0.84             1.91             1.19                   0   [0.0, 0.0, 0.0]     [11.56, 58.82]                  16.33   
Awwducational                6   [([9, 3, 2020], 50541), ([13, 3, 2020], 50541)]       3652.83           49.5            0.9            73.79            51.33                   0   [0.0, 0.0, 0.0]      [38.0, 230.5]                  144.5   
battlestations              74   [([9, 3, 2020], 50544), ([13, 3, 2020], 50544)]        229.72          17.11           0.85            13.43              ned                   0   [0.0, 0.0, 0.0]      [9.68, 53.04]                  10.34   
electronicmusic             45   [([9, 3, 2020], 50567), ([13, 3, 2020], 50567)]         13.64            5.0           0.86             2.73              ned                   0   [0.0, 0.0, 0.0]      [8.27, 49.04]                   1.33   
Outdoors                    33   [([9, 3, 2020], 50579), ([13, 3, 2020], 50579)]        119.33           3.06           0.94            38.99              ned                   0   [0.0, 0.0, 0.0]      [7.79, 44.24]                   1.28   
socialskills                76   [([9, 3, 2020], 50587), ([13, 3, 2020], 50587)]          3.39           3.12           0.88             1.09              ned                   0   [0.0, 0.0, 0.0]     [10.51, 55.37]                    1.4   
HistoryMemes                95   [([9, 3, 2020], 50606), ([13, 3, 2020], 50606)]       2705.17          30.45           0.97            88.83              ned                   4   [0.0316, 0.0, 0.0]      [5.53, 30.07]                  83.68   
horror                      58   [([9, 3, 2020], 50644), ([13, 3, 2020], 50644)]         37.47          15.12           0.71             2.48              ned                   0   [0.0, 0.0, 0.0]      [11.0, 63.83]                   6.53   
whatisthisthing             80   [([9, 3, 2020], 50663), ([13, 3, 2020], 50663)]          6.65          11.16           0.77              0.6              ned                   0   [0.0, 0.0, 0.0]    [20.38, 103.44]                    4.8   
StarWars                    83   [([9, 3, 2020], 50687), ([13, 3, 2020], 50687)]        703.04           29.8            0.9             23.6              ned                   0   [0.0241, 0.012, 0.0]      [11.37, 61.7]                  44.87   
coolguides                  26   [([9, 3, 2020], 50722), ([13, 3, 2020], 50722)]        932.23          30.15           0.88            30.92              ned                   0   [0.0769, 0.0385, 0.0]      [6.88, 40.65]                  30.22   
natureismetal               32   [([9, 3, 2020], 50733), ([13, 3, 2020], 50733)]        825.75          25.56           0.94             32.3              ned                   0   [0.0, 0.0, 0.0]     [11.31, 65.25]                  61.43   
anime                       77   [([9, 3, 2020], 50745), ([13, 3, 2020], 50745)]        310.48          48.29           0.79             6.43              ned                   0   [0.013, 0.013, 0.0]      [9.55, 56.32]                  20.05   
MealPrepSunday              12   [([9, 3, 2020], 50779), ([13, 3, 2020], 50779)]        314.17          10.58           0.79            29.69              ned                   0   [0.0, 0.0, 0.0]      [9.92, 54.67]                   5.33   
nsfw                        58   [([9, 3, 2020], 50783), ([13, 3, 2020], 50783)]         432.9           4.48           0.96            96.57            79.19                   0   [0.0, 0.0, 0.0]      [2.88, 16.09]                   2.46   
NSFW_GIF                    30   [([9, 3, 2020], 50800), ([13, 3, 2020], 50800)]         498.0           7.47           0.92             66.7            66.07                   0   [0.0, 0.0, 0.0]      [4.53, 24.53]                   6.46   
holdthemoan                  2   [([9, 3, 2020], 50809), ([13, 3, 2020], 50809)]        4232.0           50.0           0.86            84.64              ned                   0   [0.0, 0.0, 0.0]       [15.0, 87.5]                  17.66   
BustyPetite                 33   [([9, 3, 2020], 50811), ([13, 3, 2020], 50811)]        509.88           9.45           0.95            53.93              ned                   0   [0.0, 0.0606, 0.0]       [4.0, 21.45]                   1.58   
cumsluts                    96   [([9, 3, 2020], 50821), ([13, 3, 2020], 50821)]        112.34           2.28           0.94            49.25              ned                   0   [0.0, 0.0, 0.0]      [6.14, 31.54]                   2.18   
PetiteGoneWild              95   [([9, 3, 2020], 50847), ([13, 3, 2020], 50847)]        308.15          12.48           0.98            24.68            23.01                   0   [0.0316, 0.0105, 0.0]      [8.36, 41.68]                   1.77   
adorableporn                60   [([9, 3, 2020], 50877), ([13, 3, 2020], 50877)]        188.45           3.72           0.91             50.7              ned                   0   [0.0, 0.0, 0.0]       [5.8, 30.13]                   0.61   
nsfw_gifs                   33   [([9, 3, 2020], 50894), ([13, 3, 2020], 50894)]        181.45           3.52           0.91            51.62              ned                   0   [0.0, 0.0, 0.0]       [5.7, 31.61]                   2.01   
AsiansGoneWild              97   [([9, 3, 2020], 50903), ([13, 3, 2020], 50903)]        332.48          12.21           0.97            27.24             22.2                   0   [0.0103, 0.0309, 0.0103]      [7.29, 35.03]                   1.55   
GirlsFinishingTheJob             23   [([9, 3, 2020], 50934), ([13, 3, 2020], 50934)]         309.3           5.39           0.91            57.37              ned                   0   [0.0, 0.0, 0.0]       [5.7, 30.61]                   3.84   
collegesluts                91   [([9, 3, 2020], 50941), ([13, 3, 2020], 50941)]        145.02           5.76           0.96            25.19              ned                   0   [0.011, 0.0, 0.0]      [7.18, 37.18]                   1.22   
hentai                     100   [([9, 3, 2020], 50967), ([13, 3, 2020], 50967)]       1232.16            7.8           0.98           157.97           250.34                   0   [0.01, 0.0, 0.0]      [3.82, 20.06]                   7.12   
TittyDrop                   54   [([9, 3, 2020], 50997), ([13, 3, 2020], 50997)]        292.57           9.54            0.9            30.68              ned                   0   [0.0185, 0.0, 0.0]      [7.09, 35.35]                   2.85   
porninfifteenseconds             10   [([9, 3, 2020], 51015), ([13, 3, 2020], 51015)]         437.5            5.8           0.92            75.43              ned                   0   [0.0, 0.0, 0.0]        [7.7, 39.1]                    4.5   
porn                        90   [([9, 3, 2020], 51018), ([13, 3, 2020], 51018)]        148.36           2.96           0.93             50.2            40.72                   0   [0.0, 0.0, 0.0]      [7.04, 49.21]                   0.64   
ass                         70   [([9, 3, 2020], 51047), ([13, 3, 2020], 51047)]         80.81           2.01            0.9            40.12              ned                   0   [0.0, 0.0143, 0.0]      [4.04, 21.17]                   0.37   
pawg                        36   [([9, 3, 2020], 51067), ([13, 3, 2020], 51067)]        252.28           3.19           0.94            78.97              ned                   0   [0.0, 0.0, 0.0]      [3.69, 18.64]                   2.22   
milf                        34   [([9, 3, 2020], 51077), ([13, 3, 2020], 51077)]         272.5          19.21           0.95            14.19            15.15                   0   [0.0294, 0.0, 0.0]      [7.53, 38.65]                   2.05   
NSFWFunny                   16   [([9, 3, 2020], 51089), ([13, 3, 2020], 51089)]        542.38           9.69           0.89            55.99            50.94                   0   [0.0, 0.0, 0.0]      [3.81, 19.38]                  16.58   
OnOff                       28   [([9, 3, 2020], 51094), ([13, 3, 2020], 51094)]        224.64           4.07           0.93            55.18              ned                   0   [0.0, 0.0, 0.0]      [6.82, 34.36]                   0.54   
