bestof                      12   [([3, 3, 2020], 65141), ([7, 3, 2020], 65141)]        400.08          24.67           0.65            16.22              ned                   0   [0.0, 0.0, 0.0]     [14.08, 91.83]                  28.36   
interestingasfuck             88   [([3, 3, 2020], 65146), ([7, 3, 2020], 65146)]       3084.23          58.06           0.93            53.12             30.2                   0   [0.0455, 0.0, 0.0]     [11.73, 67.76]                  89.81   
BlackPeopleTwitter             34   [([3, 3, 2020], 65190), ([7, 3, 2020], 65190)]       5240.65          96.53           0.95            54.29            29.71                   0   [0.0294, 0.0294, 0.0]      [6.82, 35.76]                 257.13   
oddlysatisfying             87   [([3, 3, 2020], 65257), ([7, 3, 2020], 65257)]       1869.52          27.31           0.93            68.45              ned                   0   [0.023, 0.0345, 0.0]      [6.59, 35.69]                   62.4   
travel                      28   [([3, 3, 2020], 65291), ([7, 3, 2020], 65291)]         201.5          13.04           0.67            15.46              ned                   0   [0.0, 0.0, 0.0]     [12.18, 69.68]                   5.46   
leagueoflegends             78   [([3, 3, 2020], 65300), ([7, 3, 2020], 65300)]        589.53          90.54           0.82             6.51              ned                   0   [0.0641, 0.0256, 0.0]     [10.78, 59.17]                  116.6   
lifehacks                    7   [([3, 3, 2020], 65427), ([7, 3, 2020], 65427)]       1708.43          31.86           0.64            53.63            11.86                   0   [0.0, 0.0, 0.0]     [13.14, 73.71]                  52.24   
facepalm                    78   [([3, 3, 2020], 65430), ([7, 3, 2020], 65430)]        223.19          10.95           0.87            20.39              ned                   0   [0.0, 0.0, 0.0]      [7.55, 41.56]                   9.29   
me_irl                      95   [([3, 3, 2020], 65452), ([7, 3, 2020], 65452)]       2039.26          14.53           0.96           140.38              ned                   0   [0.0316, 0.0421, 0.0]        [1.25, 6.0]                  53.25   
dankmemes                   99   [([3, 3, 2020], 65481), ([7, 3, 2020], 65481)]      17241.12          97.07           0.96           177.61           224.07                   0   [0.202, 0.0404, 0.0]      [3.99, 20.04]                 170.55   
NatureIsFuckingLit             58   [([3, 3, 2020], 65549), ([7, 3, 2020], 65549)]        2013.5           30.4           0.93            66.24              ned                   1   [0.0172, 0.0, 0.0]     [10.17, 55.22]                   46.6   
pcmasterrace                83   [([3, 3, 2020], 65572), ([7, 3, 2020], 65572)]        732.06          29.49           0.91            24.82             8.81                   0   [0.0482, 0.0361, 0.0]     [10.76, 54.73]                  32.25   
