Europe                      87   [([12, 3, 2020], 49601), ([16, 3, 2020], 49601)]       1246.28          52.21           0.89            23.87              ned                   0   [0.0, 0.0, 0.0]     [11.11, 67.44]                  62.35   
16_03_2020_21     num_of_posts                                           datetime   avg_upvotes   avg_comments   avg_ud_ratio   avg_uc_ratio_1   avg_uc_ratio_2   num_of_oc_content           avg_awards   avg_title_length   avg_u_top10_comments   
Austria                     88   [([12, 3, 2020], 49726), ([16, 3, 2020], 49726)]         81.02          17.24           0.86              4.7              ned                   0   [0.0227, 0.0, 0.0]       [7.7, 50.35]                  10.99   
Albania                     12   [([12, 3, 2020], 49757), ([16, 3, 2020], 49757)]         15.42           6.25           0.84             2.47             2.75                   0   [0.0, 0.0, 0.0]      [9.08, 49.75]                   4.42   
Belgium                     17   [([12, 3, 2020], 49761), ([16, 3, 2020], 49761)]         55.71          60.06           0.74             0.93              ned                   0   [0.0, 0.0, 0.0]      [8.65, 54.18]                  20.12   
slovenia                    13   [([12, 3, 2020], 49775), ([16, 3, 2020], 49775)]         59.38          14.38           0.89             4.13            10.46                   0   [0.0, 0.0, 0.0]       [6.0, 35.92]                   8.08   
Croatia                     38   [([12, 3, 2020], 49781), ([16, 3, 2020], 49781)]         61.32          20.97           0.73             2.92              ned                   0   [0.0, 0.0, 0.0]      [8.11, 48.53]                  20.25   
France                      83   [([12, 3, 2020], 49803), ([16, 3, 2020], 49803)]        159.72          61.55           0.89             2.59              ned                   1   [0.012, 0.0241, 0.0]     [11.51, 68.24]                   37.6   
Germany                     29   [([12, 3, 2020], 49863), ([16, 3, 2020], 49863)]         22.59          16.41           0.64             1.38              ned                   0   [0.0, 0.0, 0.0]      [10.83, 65.0]                   9.38   
Ireland                     82   [([12, 3, 2020], 49875), ([16, 3, 2020], 49875)]        189.09           35.9           0.91             5.27              ned                   0   [0.0, 0.0122, 0.0]     [12.71, 72.66]                  34.08   
thenetherlands               9   [([12, 3, 2020], 49920), ([16, 3, 2020], 49920)]        190.44         337.89           0.95             0.56             3.44                   0   [0.0, 0.0, 0.0]      [7.67, 50.22]                  82.67   
unitedkingdom               31   [([12, 3, 2020], 49933), ([16, 3, 2020], 49933)]        175.42         155.42           0.82             1.13              ned                   0   [0.0, 0.0, 0.0]     [12.94, 77.52]                  48.13   
Switzerland                 15   [([12, 3, 2020], 49969), ([16, 3, 2020], 49969)]         64.67          53.33            0.8             1.21              ned                   0   [0.0, 0.2, 0.0]      [8.73, 56.73]                   4.49   
Slovakia                    12   [([12, 3, 2020], 49978), ([16, 3, 2020], 49978)]         47.33           9.58           0.82             4.94              ned                   0   [0.0833, 0.0, 0.0]      [7.08, 45.58]                   5.92   
Russia                      20   [([12, 3, 2020], 49983), ([16, 3, 2020], 49983)]          41.4           9.75           0.74             4.25              ned                   0   [0.0, 0.0, 0.0]       [9.45, 55.4]                   3.95   
NYC                         88   [([12, 3, 2020], 49990), ([16, 3, 2020], 49990)]        127.16          50.26           0.83             2.53              ned                   0   [0.0227, 0.0455, 0.0]     [10.88, 62.77]                   39.1   
Seattle                     64   [([12, 3, 2020], 50038), ([16, 3, 2020], 50038)]        108.42          20.89           0.76             5.19              ned                   0   [0.0156, 0.0, 0.0]     [10.48, 63.47]                  18.82   
Chicago                     19   [([12, 3, 2020], 50100), ([16, 3, 2020], 50100)]        266.63          53.37           0.84              5.0              ned                   0   [0.0526, 0.0526, 0.0]     [12.47, 74.37]                  29.88   
Toronto                     47   [([12, 3, 2020], 50113), ([16, 3, 2020], 50113)]         218.4          50.89           0.86             4.29              ned                   0   [0.0426, 0.0426, 0.0]     [13.45, 79.62]                  45.69   
LosAngeles                  31   [([12, 3, 2020], 50139), ([16, 3, 2020], 50139)]        213.19         103.71           0.85             2.06              ned                   0   [0.0, 0.0, 0.0]      [10.1, 62.26]                  54.39   
Portland                    59   [([12, 3, 2020], 50170), ([16, 3, 2020], 50170)]        155.76          27.19           0.86             5.73              ned                   0   [0.0169, 0.0169, 0.0]      [11.92, 71.1]                  16.49   
Boston                      58   [([12, 3, 2020], 50202), ([16, 3, 2020], 50202)]        136.12          32.86           0.82             4.14              ned                   0   [0.0, 0.0172, 0.0]     [12.19, 73.17]                  32.18   
Austin                      66   [([12, 3, 2020], 50230), ([16, 3, 2020], 50230)]        133.88          38.08            0.8             3.52              ned                   0   [0.0, 0.0606, 0.0]      [10.8, 63.23]                  21.52   
SanFrancisco                34   [([12, 3, 2020], 50261), ([16, 3, 2020], 50261)]         96.24          10.62           0.76             9.06              ned                   1   [0.0, 0.0, 0.0]      [9.59, 56.62]                  10.47   
Vancouver                   87   [([12, 3, 2020], 50274), ([16, 3, 2020], 50274)]        150.97          30.39           0.85             4.97              ned                   0   [0.0, 0.023, 0.0]     [13.11, 78.36]                  28.19   
WashingtonDC                27   [([12, 3, 2020], 50309), ([16, 3, 2020], 50309)]        151.96           28.0           0.84             5.43              ned                   0   [0.0, 0.037, 0.0]      [9.22, 52.22]                   25.7   
Houston                     30   [([12, 3, 2020], 50323), ([16, 3, 2020], 50323)]        124.97          31.63           0.73             3.95              ned                   0   [0.0, 0.0, 0.0]      [8.87, 54.27]                   26.4   
Atlanta                     11   [([12, 3, 2020], 50348), ([16, 3, 2020], 50348)]        144.45         104.27           0.82             1.39              ned                   0   [0.0, 0.0, 0.0]      [8.91, 55.82]                  27.61   
Philadelphia                26   [([12, 3, 2020], 50363), ([16, 3, 2020], 50363)]         84.96          62.15           0.73             1.37              ned                   0   [0.0, 0.0, 0.0]     [11.27, 68.15]                  32.88   
