Denver                      30   [([12, 3, 2020], 50404), ([16, 3, 2020], 50404)]        145.43          31.07           0.77             4.68              ned                   0   [0.0, 0.0, 0.0]       [10.3, 64.1]                  28.08   
Melbourne                   47   [([12, 3, 2020], 50443), ([16, 3, 2020], 50443)]        114.55          45.21            0.7             2.53              ned                   0   [0.0, 0.0, 0.0]      [8.55, 48.81]                  18.67   
SanDiego                    63   [([12, 3, 2020], 50504), ([16, 3, 2020], 50504)]         71.68          19.46           0.77             3.68              ned                   0   [0.0159, 0.0, 0.0]     [10.78, 61.03]                  15.69   
Dallas                       9   [([12, 3, 2020], 50554), ([16, 3, 2020], 50554)]        105.78          42.78            0.8             2.47              ned                   0   [0.0, 0.0, 0.0]       [9.0, 55.22]                  23.89   
Montreal                     7   [([12, 3, 2020], 50559), ([16, 3, 2020], 50559)]          99.0          35.86           0.83             2.76              ned                   0   [0.0, 0.0, 0.0]     [13.43, 77.86]                  32.86   
Sydney                      45   [([12, 3, 2020], 50563), ([16, 3, 2020], 50563)]        122.84          28.64           0.75             4.29              ned                   0   [0.0, 0.0, 0.0]      [10.49, 62.0]                  20.26   
Pittsburgh                  35   [([12, 3, 2020], 50582), ([16, 3, 2020], 50582)]         81.69          31.14           0.73             2.62              ned                   0   [0.0, 0.0, 0.0]     [11.46, 69.63]                  21.62   
Calgary                     83   [([12, 3, 2020], 50630), ([16, 3, 2020], 50630)]         66.63          27.98           0.75             2.38              ned                   1   [0.0241, 0.0, 0.0]     [10.36, 62.33]                  20.18   
Baltimore                   25   [([12, 3, 2020], 50670), ([16, 3, 2020], 50670)]         67.68          18.08           0.81             3.74              ned                   0   [0.0, 0.04, 0.0]     [11.08, 71.44]                  13.29   
StLouis                     46   [([12, 3, 2020], 50680), ([16, 3, 2020], 50680)]         57.59          24.26            0.8             2.37              ned                   0   [0.0, 0.0217, 0.0]     [12.54, 73.28]                   1.84   
funny                       94   [([12, 3, 2020], 50698), ([16, 3, 2020], 50698)]       7492.57         130.15            0.9            57.57            40.34                   0   [0.2128, 0.0851, 0.0]      [6.34, 34.91]                 310.85   
AskReddit                   94   [([12, 3, 2020], 50759), ([16, 3, 2020], 50759)]       1657.26         764.56           0.82             2.17             0.78                   0   [0.0745, 0.0532, 0.0]     [12.62, 68.21]                 810.92   
gaming                      85   [([12, 3, 2020], 50883), ([16, 3, 2020], 50883)]       3151.88           58.8           0.88             53.6              ned                   0   [0.0588, 0.0353, 0.0118]      [10.16, 54.4]                 104.07   
pics                        93   [([12, 3, 2020], 50922), ([16, 3, 2020], 50922)]       5871.08         112.99           0.89            51.96              ned                   2   [0.086, 0.0645, 0.0108]      [10.02, 55.7]                 207.01   
aww                         95   [([12, 3, 2020], 50978), ([16, 3, 2020], 50978)]      10252.05           95.6           0.97           107.24            97.16                   0   [0.1474, 0.0842, 0.0]      [10.4, 53.02]                 251.83   
science                     25   [([12, 3, 2020], 51046), ([16, 3, 2020], 51046)]       2897.92          74.92            0.8            38.68              ned                   0   [0.0, 0.04, 0.0]    [25.24, 164.12]                 174.92   
worldnews                   89   [([12, 3, 2020], 51091), ([16, 3, 2020], 51091)]       5053.66          253.0           0.91            19.97            16.75                   0   [0.0337, 0.0562, 0.0]    [15.44, 101.03]                 519.22   
Music                       95   [([12, 3, 2020], 51173), ([16, 3, 2020], 51173)]         12.73           2.17           0.81             5.87              ned                   0   [0.0, 0.0, 0.0]      [9.45, 55.31]                   0.73   
movies                      61   [([12, 3, 2020], 51200), ([16, 3, 2020], 51200)]        587.62          52.41           0.68            11.21              ned                   0   [0.0, 0.0164, 0.0]     [10.31, 62.52]                  99.12   
videos                      89   [([12, 3, 2020], 51233), ([16, 3, 2020], 51233)]        765.52          54.69           0.75             14.0              ned                   0   [0.0337, 0.0449, 0.0112]     [10.18, 59.35]                 111.71   
