trees                      100   [([4, 3, 2020], 36019), ([8, 3, 2020], 36019)]         261.7          13.26           0.94            19.74              ned                   0   [0.01, 0.01, 0.0]      [9.73, 49.28]                   14.8   
cursedcomments              91   [([4, 3, 2020], 36051), ([8, 3, 2020], 36051)]       2409.57           19.2           0.96           125.51            75.56                   0   [0.0, 0.0, 0.0]      [1.37, 13.79]                  27.99   
ArtisanVideos                7   [([4, 3, 2020], 36081), ([8, 3, 2020], 36081)]         47.43           3.14           0.62            15.09              ned                   0   [0.0, 0.0, 0.0]      [12.0, 73.14]                   1.62   
sex                         91   [([4, 3, 2020], 36083), ([8, 3, 2020], 36083)]         56.47          15.23           0.87             3.71              ned                   0   [0.0, 0.0, 0.0]       [9.9, 51.26]                   26.4   
Awwducational                5   [([4, 3, 2020], 36111), ([8, 3, 2020], 36111)]         208.8           10.4           0.93            20.08             19.6                   0   [0.0, 0.0, 0.0]      [43.4, 256.6]                  11.53   
battlestations              70   [([4, 3, 2020], 36113), ([8, 3, 2020], 36113)]        128.34          11.81           0.86            10.86              ned                   0   [0.0, 0.0, 0.0]      [8.91, 47.49]                   8.38   
electronicmusic             30   [([4, 3, 2020], 36133), ([8, 3, 2020], 36133)]          10.0           1.57           0.78             6.38              ned                   0   [0.0, 0.0, 0.0]       [7.4, 42.67]                   0.72   
Outdoors                    54   [([4, 3, 2020], 36141), ([8, 3, 2020], 36141)]          76.2           1.59           0.87            47.85              ned                   0   [0.0185, 0.0, 0.0]      [8.17, 46.11]                   0.52   
socialskills                79   [([4, 3, 2020], 36153), ([8, 3, 2020], 36153)]         31.35           5.47           0.91             5.73              ned                   0   [0.0, 0.0, 0.0]     [10.08, 51.87]                   6.05   
HistoryMemes                93   [([4, 3, 2020], 36173), ([8, 3, 2020], 36173)]       2998.52          29.48           0.97            101.7             86.1                   4   [0.0215, 0.0, 0.0]       [6.3, 33.41]                  76.19   
horro                        1   [([4, 3, 2020], 36210), ([8, 3, 2020], 36210)]           6.0            4.0            1.0              1.5              2.0                   0   [0.0, 0.0, 0.0]        [5.0, 37.0]                    2.0   
whatisthisthing             90   [([4, 3, 2020], 36210), ([8, 3, 2020], 36210)]          8.34          10.82           0.87             0.77             0.86                   0   [0.0, 0.0, 0.0]     [15.62, 81.56]                   4.93   
StarWars                    98   [([4, 3, 2020], 36236), ([8, 3, 2020], 36236)]        731.72          16.48           0.88             44.4              ned                   0   [0.0306, 0.0102, 0.0102]      [10.21, 55.0]                  41.01   
coolguides                  23   [([4, 3, 2020], 36269), ([8, 3, 2020], 36269)]       1664.39           28.3            0.9             58.8              ned                   0   [0.087, 0.0435, 0.0]      [5.74, 32.96]                  32.96   
natureismetal               32   [([4, 3, 2020], 36280), ([8, 3, 2020], 36280)]       1166.44          26.62           0.93            43.81              ned                   0   [0.0312, 0.0, 0.0]     [16.56, 93.91]                  51.64   
anime                       89   [([4, 3, 2020], 36292), ([8, 3, 2020], 36292)]        290.39          25.34            0.7            11.46              ned                   1   [0.0225, 0.0225, 0.0112]      [8.07, 47.06]                  28.42   
MealPrepSunday              15   [([4, 3, 2020], 36326), ([8, 3, 2020], 36326)]          85.4           6.13           0.92            13.92              9.8                   0   [0.0, 0.0, 0.0]      [15.73, 93.2]                   6.76   
