Europe                      78   [([5, 3, 2020], 40531), ([9, 3, 2020], 40531)]        229.09          42.36           0.81             5.41              ned                   2   [0.0, 0.0, 0.0]     [11.78, 72.17]                  29.73   
09_03_2020_19     num_of_posts                                         datetime   avg_upvotes   avg_comments   avg_ud_ratio   avg_uc_ratio_1   avg_uc_ratio_2   num_of_oc_content          avg_awards   avg_title_length   avg_u_top10_comments   
Austria                     27   [([5, 3, 2020], 40636), ([9, 3, 2020], 40636)]         79.04          16.37           0.85             4.83             6.07                   0   [0.037, 0.0, 0.0]      [7.81, 54.26]                  14.04   
Albania                     14   [([5, 3, 2020], 40649), ([9, 3, 2020], 40649)]         26.86          13.36           0.91             2.01              ned                   0   [0.0, 0.0, 0.0]     [11.14, 69.43]                   4.62   
Belgium                     26   [([5, 3, 2020], 40657), ([9, 3, 2020], 40657)]         34.73          21.62           0.71             1.61              ned                   0   [0.0, 0.0, 0.0]      [10.0, 61.42]                  11.92   
slovenia                    10   [([5, 3, 2020], 40673), ([9, 3, 2020], 40673)]          75.0            9.7           0.91             7.73              8.8                   0   [0.0, 0.0, 0.0]        [6.2, 38.3]                    9.9   
Bosnia                       3   [([5, 3, 2020], 40681), ([9, 3, 2020], 40681)]          6.67            3.0           0.87             2.22             2.33                   0   [0.0, 0.0, 0.0]      [17.67, 94.0]                   2.56   
Croatia                     56   [([5, 3, 2020], 40685), ([9, 3, 2020], 40685)]         69.18          21.95           0.76             3.15              ned                   0   [0.0, 0.0, 0.0]       [7.7, 47.93]                  21.21   
France                      84   [([5, 3, 2020], 40717), ([9, 3, 2020], 40717)]         83.15          45.04           0.76             1.85              ned                   0   [0.0, 0.0, 0.0]      [12.19, 73.2]                  21.25   
Germany                     26   [([5, 3, 2020], 40776), ([9, 3, 2020], 40776)]         14.27          22.73           0.51             0.63             0.19                   0   [0.0, 0.0, 0.0]       [7.5, 45.12]                  13.27   
Ireland                     64   [([5, 3, 2020], 40789), ([9, 3, 2020], 40789)]        139.17           26.5           0.82             5.25              ned                   0   [0.0, 0.0156, 0.0]      [8.53, 51.03]                  22.54   
thenetherlands              18   [([5, 3, 2020], 40820), ([9, 3, 2020], 40820)]         111.5         111.17           0.79              1.0             2.33                   0   [0.0, 0.0, 0.0]     [11.72, 71.28]                  37.06   
unitedkingdom               43   [([5, 3, 2020], 40835), ([9, 3, 2020], 40835)]          65.4          71.37           0.73             0.92             2.35                   0   [0.0, 0.0, 0.0]     [12.02, 71.95]                  22.56   
Switzerland                  3   [([5, 3, 2020], 40868), ([9, 3, 2020], 40868)]         77.67            9.0           0.82             8.63              8.0                   0   [0.0, 0.0, 0.0]      [6.33, 42.33]                    1.0   
Slovakia                    15   [([5, 3, 2020], 40870), ([9, 3, 2020], 40870)]         52.53            9.8           0.62             5.36              ned                   0   [0.0, 0.0, 0.0]       [8.53, 52.0]                   5.49   
Russia                       9   [([5, 3, 2020], 40876), ([9, 3, 2020], 40876)]          59.0           5.33           0.69            11.06              ned                   0   [0.0, 0.0, 0.0]     [10.44, 59.33]                   4.15   
NYC                         34   [([5, 3, 2020], 41035), ([9, 3, 2020], 41035)]         95.12          37.68           0.62             2.52              ned                   0   [0.0, 0.0294, 0.0]       [9.21, 54.5]                   44.1   
09_03_2020_19     num_of_posts                                         datetime   avg_upvotes   avg_comments   avg_ud_ratio   avg_uc_ratio_1   avg_uc_ratio_2   num_of_oc_content           avg_awards   avg_title_length   avg_u_top10_comments   
Seattle                     51   [([5, 3, 2020], 41055), ([9, 3, 2020], 41055)]         96.16          14.67           0.62             6.56              ned                   0   [0.0392, 0.0, 0.0]     [10.65, 62.63]                  17.02   
Chicago                     28   [([5, 3, 2020], 41091), ([9, 3, 2020], 41091)]        121.32          23.61           0.74             5.14              ned                   0   [0.0, 0.0, 0.0]     [11.68, 70.54]                  23.31   
Toronto                     19   [([5, 3, 2020], 41106), ([9, 3, 2020], 41106)]        236.79          36.16           0.82             6.55              ned                   0   [0.0, 0.0, 0.0]     [10.42, 61.95]                  34.93   
LosAngeles                  24   [([5, 3, 2020], 41115), ([9, 3, 2020], 41115)]        150.21          26.79           0.81             5.61              ned                   0   [0.0, 0.0, 0.0]      [9.46, 56.29]                  25.51   
Portland                    51   [([5, 3, 2020], 41127), ([9, 3, 2020], 41127)]        108.24          32.04           0.73             3.38              ned                   0   [0.0, 0.0196, 0.0]     [10.31, 61.04]                  21.76   
Boston                      30   [([5, 3, 2020], 41150), ([9, 3, 2020], 41150)]         76.03          35.17           0.66             2.16              ned                   0   [0.0, 0.0, 0.0]      [9.77, 63.27]                  28.51   
Austin                      38   [([5, 3, 2020], 41166), ([9, 3, 2020], 41166)]         84.58          20.37           0.66             4.15              ned                   0   [0.0, 0.0263, 0.0]      [7.37, 41.97]                  14.19   
SanFrancisco                22   [([5, 3, 2020], 41182), ([9, 3, 2020], 41182)]         88.05          13.82           0.71             6.37              ned                   0   [0.0455, 0.0, 0.0]      [9.23, 53.14]                  15.42   
Vancouver                   53   [([5, 3, 2020], 41191), ([9, 3, 2020], 41191)]         63.51          20.51           0.68              3.1              ned                   0   [0.0, 0.0, 0.0]      [7.26, 41.79]                   14.6   
WashingtonDC                25   [([5, 3, 2020], 41212), ([9, 3, 2020], 41212)]         70.36          13.32           0.68             5.28              ned                   0   [0.0, 0.0, 0.0]       [9.32, 53.6]                   6.52   
Houston                     29   [([5, 3, 2020], 41221), ([9, 3, 2020], 41221)]          89.9           31.9           0.63             2.82              ned                   0   [0.0345, 0.0, 0.0]      [9.48, 54.41]                  37.84   
Atlanta                     22   [([5, 3, 2020], 41234), ([9, 3, 2020], 41234)]         74.77           22.0           0.77              3.4              ned                   0   [0.0, 0.0, 0.0]      [8.32, 50.45]                  16.21   
Philadelphia                18   [([5, 3, 2020], 41244), ([9, 3, 2020], 41244)]        130.56          29.11            0.7             4.48              ned                   0   [0.0, 0.0, 0.0]      [8.06, 48.28]                  26.28   
Denver                       8   [([5, 3, 2020], 41252), ([9, 3, 2020], 41252)]         69.12            6.5           0.66            10.63            16.75                   0   [0.0, 0.0, 0.0]      [12.88, 73.0]                   4.96   
Melbourne                   64   [([5, 3, 2020], 41255), ([9, 3, 2020], 41255)]         65.34           9.31           0.61             7.02              ned                   0   [0.0156, 0.0, 0.0]      [8.89, 51.53]                   7.56   
SanDiego                    29   [([5, 3, 2020], 41276), ([9, 3, 2020], 41276)]         55.55          10.69           0.76              5.2              ned                   0   [0.0, 0.0, 0.0]      [9.59, 54.28]                   6.55   
Dallas                      10   [([5, 3, 2020], 41286), ([9, 3, 2020], 41286)]          99.6            7.3           0.64            13.64              7.9                   0   [0.0, 0.0, 0.0]        [8.4, 46.9]                   3.17   
Montreal                     7   [([5, 3, 2020], 41289), ([9, 3, 2020], 41289)]         71.57          26.14           0.76             2.74              ned                   0   [0.0, 0.0, 0.0]        [9.0, 62.0]                  12.19   
Sydney                      46   [([5, 3, 2020], 41293), ([9, 3, 2020], 41293)]         87.04          22.28           0.74             3.91              ned                   0   [0.0, 0.0, 0.0]       [9.2, 54.72]                  16.15   
Pittsburgh                  21   [([5, 3, 2020], 41311), ([9, 3, 2020], 41311)]         31.05          12.57           0.49             2.47              ned                   0   [0.0, 0.0, 0.0]       [9.1, 52.19]                   7.73   
Calgary                     30   [([5, 3, 2020], 41323), ([9, 3, 2020], 41323)]          67.0           28.1           0.66             2.38              ned                   0   [0.0, 0.0, 0.0]        [9.1, 54.1]                  25.04   
Baltimore                   26   [([5, 3, 2020], 41336), ([9, 3, 2020], 41336)]         28.15           7.12           0.77             3.96              ned                   0   [0.0, 0.0, 0.0]      [9.69, 59.77]                    5.6   
StLouis                     30   [([5, 3, 2020], 41345), ([9, 3, 2020], 41345)]         40.03           30.5           0.78             1.31              ned                   0   [0.0, 0.0, 0.0]       [9.07, 52.9]                   0.86   
funny                       92   [([5, 3, 2020], 41359), ([9, 3, 2020], 41359)]       5578.76           91.2            0.9            61.17            41.13                   0   [0.0652, 0.0217, 0.0]      [5.74, 29.96]                 187.72   
AskReddit                   97   [([5, 3, 2020], 41421), ([9, 3, 2020], 41421)]       2007.09         737.23           0.85             2.72             1.03                   0   [0.0309, 0.0206, 0.0]     [13.21, 71.77]                1150.38   
gaming                      82   [([5, 3, 2020], 41554), ([9, 3, 2020], 41554)]       2186.38          65.29           0.85            33.49              ned                   0   [0.0244, 0.0122, 0.0]     [10.99, 59.02]                  73.86   
pics                        93   [([5, 3, 2020], 41602), ([9, 3, 2020], 41602)]       5082.47         168.05           0.89            30.24              ned                   6   [0.2151, 0.1613, 0.043]      [7.99, 43.72]                 292.24   
aww                         99   [([5, 3, 2020], 41667), ([9, 3, 2020], 41667)]       8947.49          79.15           0.97           113.04           104.43                   0   [0.1313, 0.0606, 0.0303]      [9.59, 48.45]                 203.67   
science                     13   [([5, 3, 2020], 41733), ([9, 3, 2020], 41733)]       2163.38          51.08           0.82            42.36              ned                   0   [0.0769, 0.0, 0.0]    [24.77, 171.46]                   91.9   
worldnews                   94   [([5, 3, 2020], 41752), ([9, 3, 2020], 41752)]       2393.67         185.56           0.87             12.9              ned                   0   [0.0106, 0.0213, 0.0]    [15.88, 101.77]                 262.96   
Music                       92   [([5, 3, 2020], 41852), ([9, 3, 2020], 41852)]         78.66           7.72           0.83            10.19              ned                   0   [0.0109, 0.0109, 0.0]     [10.55, 61.03]                   7.19   
movies                      86   [([5, 3, 2020], 41888), ([9, 3, 2020], 41888)]        416.79          58.08           0.62             7.18              ned                   0   [0.0116, 0.0, 0.0]     [10.17, 59.28]                   69.2   
videos                      81   [([5, 3, 2020], 41940), ([9, 3, 2020], 41940)]        381.07          39.58           0.74             9.63              ned                   0   [0.0, 0.0123, 0.0]      [9.86, 57.58]                  73.88   
todayilearned               83   [([5, 3, 2020], 41988), ([9, 3, 2020], 41988)]       2147.41          63.52           0.88            33.81              ned                   0   [0.0, 0.0, 0.0]     [32.1, 182.57]                 171.39   
news                        29   [([5, 3, 2020], 42116), ([9, 3, 2020], 42116)]       5021.24         274.76           0.92            18.28            12.07                   0   [0.0, 0.0, 0.0]     [11.03, 69.34]                 384.15   
IAmA                         2   [([5, 3, 2020], 42152), ([9, 3, 2020], 42152)]        1966.0          259.0           0.85             7.59              5.0                   0   [0.0, 0.0, 0.0]       [15.5, 98.5]                 229.17   
gifs                        54   [([5, 3, 2020], 42156), ([9, 3, 2020], 42156)]       2667.17          51.96           0.75            51.33              ned                   0   [0.037, 0.0, 0.0]      [8.56, 50.41]                  99.12   
Showerthoughts              97   [([5, 3, 2020], 42186), ([9, 3, 2020], 42186)]       2506.75          56.48           0.91            44.38              ned                   0   [0.0412, 0.0103, 0.0]     [16.72, 91.44]                 163.37   
EarthPorn                   94   [([5, 3, 2020], 42233), ([9, 3, 2020], 42233)]        824.93           8.61           0.92            95.85              ned                  89   [0.0, 0.0, 0.0]      [11.13, 70.0]                   4.44   
askscience                  13   [([5, 3, 2020], 42282), ([9, 3, 2020], 42282)]        686.54          60.23           0.77             11.4             4.23                   0   [0.0, 0.0, 0.0]     [15.23, 92.62]                 148.95   
Jokes                       91   [([5, 3, 2020], 42291), ([9, 3, 2020], 42291)]        661.91          15.89           0.87            41.66              ned                   0   [0.033, 0.011, 0.0]     [10.47, 55.71]                  51.64   
food                        97   [([5, 3, 2020], 42326), ([9, 3, 2020], 42326)]        648.96          20.98           0.92            30.93              ned                   2   [0.0103, 0.0103, 0.0]      [6.42, 44.53]                   25.0   
explainlikeimfive             44   [([5, 3, 2020], 42365), ([9, 3, 2020], 42365)]         15.64            7.2           0.68             2.17              ned                   0   [0.0, 0.0, 0.0]     [14.89, 86.14]                   0.65   
books                       30   [([5, 3, 2020], 42381), ([9, 3, 2020], 42381)]       1548.77          41.73           0.69            37.11              ned                   0   [0.0333, 0.0333, 0.0]      [10.23, 59.5]                  81.52   
blog                         1   [([5, 3, 2020], 42399), ([9, 3, 2020], 42399)]       22662.0         2538.0           0.86             8.93              9.0                   0   [7.0, 2.0, 2.0]        [3.0, 14.0]                1984.33   
LifeProTips                 33   [([5, 3, 2020], 42404), ([9, 3, 2020], 42404)]         76.42          17.52           0.71             4.36             3.09                   0   [0.0, 0.0, 0.0]    [20.61, 115.06]                   5.79   
mildlyinteresting             90   [([5, 3, 2020], 42420), ([9, 3, 2020], 42420)]       1071.69          28.98           0.88            36.98              ned                  90   [0.0, 0.0, 0.0]      [9.93, 52.08]                  36.68   
Art                         93   [([5, 3, 2020], 42464), ([9, 3, 2020], 42464)]         688.8          12.53           0.94            54.99              ned                   0   [0.0323, 0.0215, 0.0108]      [6.16, 36.52]                  10.67   
DIY                         12   [([5, 3, 2020], 42503), ([9, 3, 2020], 42503)]        188.17          18.58           0.63            10.13             1.75                   0   [0.0, 0.0, 0.0]     [11.25, 62.25]                    9.7   
sports                      15   [([5, 3, 2020], 42510), ([9, 3, 2020], 42510)]       5286.13          65.73           0.67            80.42              ned                   0   [0.0, 0.0, 0.0]     [11.27, 66.93]                 273.85   
nottheonion                  4   [([5, 3, 2020], 42523), ([9, 3, 2020], 42523)]        971.25           59.5           0.92            16.32             7.75                   0   [0.0, 0.0, 0.0]       [8.75, 55.0]                 147.42   
