Europe                      91   [([11, 3, 2020], 42373), ([15, 3, 2020], 42373)]        638.82          53.59            0.9            11.92              ned                   1   [0.011, 0.011, 0.0]     [11.02, 66.75]                   61.4   
15_03_2020_19     num_of_posts                                           datetime   avg_upvotes   avg_comments   avg_ud_ratio   avg_uc_ratio_1   avg_uc_ratio_2   num_of_oc_content              avg_awards   avg_title_length   avg_u_top10_comments   
Austria                     86   [([11, 3, 2020], 42507), ([15, 3, 2020], 42507)]        120.64          29.26           0.92             4.12              ned                   0   [0.0116, 0.0233, 0.0]       [8.38, 55.2]                  15.88   
Albania                      8   [([11, 3, 2020], 42543), ([15, 3, 2020], 42543)]         12.38          12.12           0.86             1.02              ned                   0   [0.0, 0.0, 0.0]     [10.12, 62.75]                   4.04   
Belgium                     17   [([11, 3, 2020], 42546), ([15, 3, 2020], 42546)]         41.53          23.65           0.73             1.76              ned                   0   [0.0, 0.0, 0.0]      [9.88, 60.82]                  12.22   
slovenia                    10   [([11, 3, 2020], 42555), ([15, 3, 2020], 42555)]         123.5           25.1           0.83             4.92              ned                   0   [0.0, 0.0, 0.0]        [6.3, 34.6]                  17.07   
Croatia                     37   [([11, 3, 2020], 42559), ([15, 3, 2020], 42559)]         95.81          10.65           0.85              9.0              ned                   0   [0.0, 0.0, 0.0]       [6.76, 40.7]                  16.54   
France                      81   [([11, 3, 2020], 42571), ([15, 3, 2020], 42571)]        127.36          48.22           0.83             2.64              ned                   0   [0.0, 0.0, 0.0]      [12.0, 72.23]                  23.53   
Germany                     19   [([11, 3, 2020], 42616), ([15, 3, 2020], 42616)]         58.21          22.05           0.65             2.64              ned                   0   [0.0, 0.0, 0.0]      [9.68, 57.42]                  12.09   
Ireland                     87   [([11, 3, 2020], 42624), ([15, 3, 2020], 42624)]        240.48          32.22           0.86             7.46              ned                   0   [0.0115, 0.0115, 0.0115]     [11.07, 63.78]                   25.7   
thenetherlands               4   [([11, 3, 2020], 42665), ([15, 3, 2020], 42665)]        461.75         194.75           0.92             2.37              9.0                   0   [0.0, 0.0, 0.0]      [6.75, 47.75]                  91.25   
unitedkingdom               25   [([11, 3, 2020], 42671), ([15, 3, 2020], 42671)]        142.64         146.44           0.78             0.97              ned                   0   [0.0, 0.0, 0.0]     [12.96, 79.16]                  60.51   
Switzerland                  5   [([11, 3, 2020], 42697), ([15, 3, 2020], 42697)]          82.2           27.0           0.71             3.04              ned                   0   [0.0, 0.2, 0.0]      [18.4, 107.6]                   3.47   
Slovakia                    11   [([11, 3, 2020], 42699), ([15, 3, 2020], 42699)]         45.36           4.09            0.6            11.09              ned                   0   [0.0909, 0.0, 0.0]      [5.09, 31.64]                   3.91   
Russia                      23   [([11, 3, 2020], 42702), ([15, 3, 2020], 42702)]         18.74           5.22           0.74             3.59              ned                   0   [0.0, 0.0, 0.0]     [12.35, 71.65]                   2.38   
NYC                         73   [([11, 3, 2020], 42709), ([15, 3, 2020], 42709)]         105.1          30.81           0.66             3.41              ned                   0   [0.0, 0.0, 0.0]     [12.14, 65.29]                  23.98   
Seattle                     52   [([11, 3, 2020], 42744), ([15, 3, 2020], 42744)]        110.06          13.92           0.71              7.9              ned                   0   [0.0, 0.0, 0.0]     [11.73, 69.15]                   14.3   
Chicago                     21   [([11, 3, 2020], 42774), ([15, 3, 2020], 42774)]        291.43          57.05           0.84             5.11              ned                   0   [0.0, 0.0, 0.0]     [12.43, 73.86]                  60.05   
Toronto                     29   [([11, 3, 2020], 42786), ([15, 3, 2020], 42786)]        180.83          33.07           0.85             5.47              ned                   0   [0.0, 0.0, 0.0]     [12.21, 75.83]                  45.01   
LosAngeles                  32   [([11, 3, 2020], 42801), ([15, 3, 2020], 42801)]        186.44          23.47           0.85             7.94              ned                   0   [0.0, 0.0625, 0.0]      [9.28, 49.72]                  20.07   
Portland                    91   [([11, 3, 2020], 42814), ([15, 3, 2020], 42814)]        152.99          13.73           0.88            11.15              ned                   0   [0.0, 0.022, 0.0]     [12.12, 70.03]                  13.94   
Boston                      61   [([11, 3, 2020], 42845), ([15, 3, 2020], 42845)]        140.56          25.44           0.82             5.52              ned                   0   [0.0, 0.0, 0.0]      [9.85, 57.82]                  33.04   
Austin                      36   [([11, 3, 2020], 42869), ([15, 3, 2020], 42869)]        116.92          37.19           0.77             3.14              ned                   0   [0.0, 0.0278, 0.0]      [9.28, 55.36]                  24.61   
SanFrancisco                29   [([11, 3, 2020], 42887), ([15, 3, 2020], 42887)]        111.28          17.62           0.74             6.32              ned                   1   [0.0, 0.0, 0.0]     [12.41, 71.97]                  14.92   
Vancouver                   82   [([11, 3, 2020], 42897), ([15, 3, 2020], 42897)]         125.9          23.82           0.79             5.29              ned                   0   [0.0366, 0.0, 0.0]      [11.9, 70.45]                  19.08   
WashingtonDC                10   [([11, 3, 2020], 42931), ([15, 3, 2020], 42931)]         128.6           12.3           0.84            10.46              ned                   0   [0.0, 0.0, 0.0]        [9.3, 57.5]                   19.8   
Houston                     25   [([11, 3, 2020], 42934), ([15, 3, 2020], 42934)]        102.16          36.72           0.76             2.78              ned                   0   [0.0, 0.0, 0.0]      [9.96, 58.08]                  32.23   
Atlanta                     18   [([11, 3, 2020], 42946), ([15, 3, 2020], 42946)]        150.33          48.94           0.81             3.07              ned                   0   [0.0, 0.0, 0.0]     [10.22, 60.22]                  23.39   
Philadelphia                38   [([11, 3, 2020], 42958), ([15, 3, 2020], 42958)]        123.95          26.82           0.78             4.62              ned                   0   [0.0, 0.0, 0.0]      [8.92, 52.32]                  17.82   
Denver                      15   [([11, 3, 2020], 42973), ([15, 3, 2020], 42973)]         229.2           60.6           0.79             3.78              ned                   0   [0.0, 0.1333, 0.0667]      [7.67, 43.93]                  59.91   
Melbourne                   48   [([11, 3, 2020], 42982), ([15, 3, 2020], 42982)]        128.96          17.85           0.75             7.22              ned                   0   [0.0, 0.0, 0.0]      [8.15, 47.58]                  13.22   
SanDiego                    63   [([11, 3, 2020], 43000), ([15, 3, 2020], 43000)]          87.6          16.14           0.86             5.43              ned                   1   [0.0, 0.0159, 0.0]      [9.17, 53.89]                  14.22   
Dallas                      16   [([11, 3, 2020], 43021), ([15, 3, 2020], 43021)]         85.81           22.5           0.76             3.81              ned                   0   [0.0, 0.0, 0.0]       [7.5, 45.38]                  24.19   
Montreal                    14   [([11, 3, 2020], 43027), ([15, 3, 2020], 43027)]          55.0          24.36           0.77             2.26              ned                   0   [0.0, 0.0, 0.0]     [11.36, 68.86]                  10.33   
Sydney                      46   [([11, 3, 2020], 43034), ([15, 3, 2020], 43034)]         85.13          30.93           0.76             2.75              ned                   0   [0.0217, 0.0, 0.0]      [8.37, 48.28]                  21.67   
Pittsburgh                  24   [([11, 3, 2020], 43054), ([15, 3, 2020], 43054)]         72.71           22.0           0.68              3.3              ned                   0   [0.0, 0.0, 0.0]      [8.71, 52.67]                   16.5   
Calgary                     63   [([11, 3, 2020], 43073), ([15, 3, 2020], 43073)]          73.7          25.13           0.73             2.93              ned                   1   [0.0, 0.0, 0.0]      [10.84, 64.9]                  20.54   
Baltimore                   12   [([11, 3, 2020], 43099), ([15, 3, 2020], 43099)]         66.75          22.42           0.81             2.98              ned                   0   [0.0, 0.0, 0.0]       [6.5, 38.17]                  20.95   
StLouis                     32   [([11, 3, 2020], 43104), ([15, 3, 2020], 43104)]         86.94          17.59           0.83             4.94              ned                   0   [0.0, 0.0, 0.0]     [11.97, 71.03]                   0.85   
funny                       94   [([11, 3, 2020], 43116), ([15, 3, 2020], 43116)]        5890.2         105.06           0.89            56.06            39.34                   0   [0.1277, 0.0851, 0.0106]      [6.96, 38.77]                 150.07   
AskReddit                   90   [([11, 3, 2020], 43171), ([15, 3, 2020], 43171)]         773.3         487.49           0.81             1.59             0.52                   0   [0.0, 0.0222, 0.0222]     [13.46, 72.88]                 297.33   
