gaming                      87   [([11, 3, 2020], 43269), ([15, 3, 2020], 43269)]       1815.02          33.87           0.88            53.58              ned                   0   [0.023, 0.023, 0.0]       [9.0, 49.67]                  66.81   
pics                        93   [([11, 3, 2020], 43305), ([15, 3, 2020], 43305)]       5640.19         229.43            0.9            24.58              ned                   1   [0.086, 0.0538, 0.0108]      [8.48, 46.74]                 428.18   
aww                         97   [([11, 3, 2020], 43359), ([15, 3, 2020], 43359)]      13682.07         116.79           0.97           117.15           135.98                   1   [0.1134, 0.1546, 0.0206]      [8.69, 45.82]                 335.94   
science                     12   [([11, 3, 2020], 43435), ([15, 3, 2020], 43435)]        797.25          32.08           0.81            24.85              ned                   0   [0.0, 0.0833, 0.0]    [36.92, 247.75]                   32.5   
worldnews                   92   [([11, 3, 2020], 43446), ([15, 3, 2020], 43446)]       5122.47         399.15           0.93            12.83              ned                   0   [0.0652, 0.0543, 0.0109]     [14.62, 93.26]                 841.65   
Music                       92   [([11, 3, 2020], 43543), ([15, 3, 2020], 43543)]         246.8          10.54           0.84            23.41              ned                   0   [0.0109, 0.0109, 0.0]      [9.25, 54.28]                  13.41   
movies                      90   [([11, 3, 2020], 43578), ([15, 3, 2020], 43578)]        323.21          36.62           0.61             8.83              ned                   0   [0.0, 0.0111, 0.0]     [11.08, 63.16]                  28.66   
videos                      91   [([11, 3, 2020], 43618), ([15, 3, 2020], 43618)]        649.23           70.6           0.74              9.2              ned                   0   [0.0879, 0.1319, 0.033]      [10.14, 58.9]                  151.8   
todayilearned               86   [([11, 3, 2020], 43657), ([15, 3, 2020], 43657)]       2804.43          88.87           0.85            31.56              ned                   0   [0.0233, 0.0349, 0.0]    [32.27, 185.59]                 298.83   
news                        13   [([11, 3, 2020], 43792), ([15, 3, 2020], 43792)]       7644.62         366.23           0.94            20.87            19.08                   0   [0.0, 0.0, 0.0]      [10.77, 66.0]                 625.95   
IAmA                         2   [([11, 3, 2020], 43811), ([15, 3, 2020], 43811)]        5112.5         1366.0           0.85             3.74              3.0                   0   [0.0, 0.0, 0.0]      [35.0, 202.0]                 721.84   
gifs                        38   [([11, 3, 2020], 43815), ([15, 3, 2020], 43815)]       4510.42          61.29           0.78            73.59              ned                   1   [0.0, 0.0263, 0.0]       [7.0, 41.84]                 188.54   
Showerthoughts              89   [([11, 3, 2020], 43836), ([15, 3, 2020], 43836)]       1171.78          32.24           0.91            36.35              ned                   0   [0.0225, 0.0112, 0.0112]     [16.35, 90.82]                  91.85   
EarthPorn                   67   [([11, 3, 2020], 43869), ([15, 3, 2020], 43869)]        1439.9          13.03           0.94           110.51              ned                  65   [0.0299, 0.0149, 0.0]      [11.49, 73.9]                  11.21   
askscience                  18   [([11, 3, 2020], 43891), ([15, 3, 2020], 43891)]        858.17           54.0           0.78            15.89             2.94                   0   [0.0, 0.0, 0.0]     [16.67, 96.56]                  176.7   
Jokes                       95   [([11, 3, 2020], 43899), ([15, 3, 2020], 43899)]        717.74          15.33           0.83            46.83              ned                   0   [0.0316, 0.0316, 0.0]     [10.36, 53.71]                  69.96   
food                        94   [([11, 3, 2020], 43928), ([15, 3, 2020], 43928)]        555.12          17.96           0.94            30.91              ned                  31   [0.0, 0.0106, 0.0]       [5.9, 40.94]                  12.75   
explainlikeimfive             44   [([11, 3, 2020], 43960), ([15, 3, 2020], 43960)]         16.82           7.93           0.73             2.12              ned                   0   [0.0, 0.0, 0.0]     [12.32, 70.57]                   0.76   
books                       35   [([11, 3, 2020], 43972), ([15, 3, 2020], 43972)]        358.03          20.74           0.72            17.26              ned                   0   [0.0571, 0.0286, 0.0]     [10.29, 58.46]                   17.9   
blog                         1   [([11, 3, 2020], 43985), ([15, 3, 2020], 43985)]       22656.0         2538.0           0.86             8.93              9.0                   0   [7.0, 2.0, 2.0]        [3.0, 14.0]                 1988.0   
LifeProTips                 58   [([11, 3, 2020], 43989), ([15, 3, 2020], 43989)]        178.29           11.9           0.69            14.99              ned                   0   [0.0, 0.0, 0.0]    [21.47, 118.24]                  12.09   
mildlyinteresting             89   [([11, 3, 2020], 44009), ([15, 3, 2020], 44009)]       1507.69           31.6           0.87            47.72              ned                  89   [0.0225, 0.0112, 0.0]      [10.2, 54.66]                  35.14   
Art                         84   [([11, 3, 2020], 44041), ([15, 3, 2020], 44041)]        907.04          12.43           0.95            72.98              ned                   0   [0.0595, 0.0119, 0.0]      [5.92, 36.24]                  10.77   
DIY                         16   [([11, 3, 2020], 44071), ([15, 3, 2020], 44071)]          2.31           6.88            0.6             0.34              ned                   0   [0.0, 0.0, 0.0]      [8.25, 50.06]                   2.08   
sports                       8   [([11, 3, 2020], 44076), ([15, 3, 2020], 44076)]          9.62           2.75           0.77              3.5              ned                   0   [0.0, 0.0, 0.0]    [17.75, 108.25]                   1.29   
nottheonion                  6   [([11, 3, 2020], 44078), ([15, 3, 2020], 44078)]         60.67            8.0           0.87             7.58              9.0                   0   [0.0, 0.0, 0.0]     [10.83, 70.33]                   14.0   
gadgets                      3   [([11, 3, 2020], 44080), ([15, 3, 2020], 44080)]        245.67          26.67           0.61             9.21              ned                   0   [0.0, 0.0, 0.0]      [19.0, 92.67]                  15.45   
television                  28   [([11, 3, 2020], 44082), ([15, 3, 2020], 44082)]        915.07          55.96           0.73            16.35              ned                   0   [0.0357, 0.0, 0.0]     [11.89, 71.39]                 129.37   
Documentaries               10   [([11, 3, 2020], 44098), ([15, 3, 2020], 44098)]         112.4            6.5           0.65            17.29              ned                   0   [0.0, 0.0, 0.0]       [10.6, 62.8]                   3.43   
photoshopbattles             25   [([11, 3, 2020], 44101), ([15, 3, 2020], 44101)]        725.88          16.88           0.71             43.0              ned                   0   [0.0, 0.0, 0.0]      [6.44, 41.12]                   55.2   
listentothis                62   [([11, 3, 2020], 44109), ([15, 3, 2020], 44109)]         24.19           1.13           0.67            21.43              ned                   0   [0.0, 0.0, 0.0]      [8.11, 50.63]                    0.6   
UpliftingNews               30   [([11, 3, 2020], 44124), ([15, 3, 2020], 44124)]        662.03          22.97           0.86            28.83              ned                   0   [0.0, 0.0, 0.0]     [13.93, 92.97]                  39.32   
tifu                        68   [([11, 3, 2020], 44136), ([15, 3, 2020], 44136)]        823.16          28.04           0.74            29.35              ned                   0   [0.0441, 0.0294, 0.0]      [9.12, 48.18]                 148.54   
InternetIsBeautiful              1   [([11, 3, 2020], 44160), ([15, 3, 2020], 44160)]        5105.0          664.0           0.88             7.69              8.0                   0   [0.0, 0.0, 0.0]       [13.0, 71.0]                 615.67   
history                      5   [([11, 3, 2020], 44163), ([15, 3, 2020], 44163)]          10.2            9.8           0.69             1.04              1.4                   0   [0.0, 0.0, 0.0]       [16.0, 96.4]                   5.47   
philosophy                   4   [([11, 3, 2020], 44165), ([15, 3, 2020], 44165)]        131.75          22.25            0.9             5.92              ned                   0   [0.0, 0.0, 0.0]       [9.25, 66.5]                  13.33   
Futurology                  15   [([11, 3, 2020], 44166), ([15, 3, 2020], 44166)]        872.73          68.87            0.7            12.67              ned                   0   [0.0, 0.0, 0.0]      [12.4, 81.27]                  90.51   
OldSchoolCool               86   [([11, 3, 2020], 44174), ([15, 3, 2020], 44174)]       1072.31          26.62           0.94            40.29              ned                   0   [0.0233, 0.0, 0.0]      [10.83, 60.8]                  73.19   
WritingPrompts              88   [([11, 3, 2020], 44204), ([15, 3, 2020], 44204)]        135.67           4.59           0.89            29.55             10.0                   0   [0.0114, 0.0, 0.0]    [35.22, 195.16]                   7.54   
dataisbeautiful             44   [([11, 3, 2020], 44229), ([15, 3, 2020], 44229)]       1226.14          71.23           0.81            17.21              ned                   0   [0.0909, 0.0455, 0.0227]     [14.75, 90.14]                 103.11   
personalfinance             71   [([11, 3, 2020], 44250), ([15, 3, 2020], 44250)]         15.85          16.69           0.75             0.95              ned                   0   [0.0, 0.0, 0.0]      [11.17, 61.3]                  11.34   
nosleep                     45   [([11, 3, 2020], 44297), ([15, 3, 2020], 44297)]        173.67           8.51           0.91             20.4              ned                   0   [0.0667, 0.0, 0.0]      [12.0, 64.02]                  15.58   
creepy                       4   [([11, 3, 2020], 44312), ([15, 3, 2020], 44312)]         49.25           11.0           0.81             4.48              ned                   0   [0.0, 0.0, 0.0]        [6.5, 40.0]                   6.08   
TwoXChromosomes             49   [([11, 3, 2020], 44313), ([15, 3, 2020], 44313)]        716.35          36.29           0.69            19.74              ned                   0   [0.449, 0.4082, 0.0816]      [13.35, 72.1]                  71.97   
technology                  22   [([11, 3, 2020], 44353), ([15, 3, 2020], 44353)]       1727.32          37.14           0.75            46.51              ned                   0   [0.0455, 0.0, 0.0]     [10.59, 69.18]                  118.3   
memes                       95   [([11, 3, 2020], 44364), ([15, 3, 2020], 44364)]      22687.75         129.51           0.96           175.19           217.39                   0   [0.1684, 0.0316, 0.0]      [4.37, 22.53]                  183.8   
AdviceAnimals               47   [([11, 3, 2020], 44446), ([15, 3, 2020], 44446)]       1386.06          30.17           0.79            45.94              ned                   0   [0.0213, 0.0, 0.0]      [7.91, 42.81]                   26.7   
Fitness                      3   [([11, 3, 2020], 44463), ([15, 3, 2020], 44463)]        199.67           93.0           0.83             2.15             1.33                   0   [0.0, 0.0, 0.0]       [6.0, 33.33]                  94.11   
wholesomememes              51   [([11, 3, 2020], 44465), ([15, 3, 2020], 44465)]       3348.73           27.0           0.98           124.03              ned                   0   [0.0392, 0.0196, 0.0]      [5.94, 30.57]                  49.06   
WTF                         19   [([11, 3, 2020], 44485), ([15, 3, 2020], 44485)]       1787.63          73.05           0.82            24.47             9.84                   0   [0.0, 0.0, 0.0]      [8.05, 44.47]                 140.33   
politics                    92   [([11, 3, 2020], 44497), ([15, 3, 2020], 44497)]       4792.18         358.54           0.94            13.37            21.14                   0   [0.1739, 0.0435, 0.0]     [15.43, 97.28]                 260.36   
bestof                      10   [([11, 3, 2020], 44623), ([15, 3, 2020], 44623)]         846.4           49.9           0.71            16.96              ned                   0   [0.1, 0.0, 0.0]       [14.0, 92.0]                  87.93   
interestingasfuck             87   [([11, 3, 2020], 44628), ([15, 3, 2020], 44628)]       4542.83          72.28           0.92            62.85             37.6                   0   [0.046, 0.0115, 0.0]     [10.07, 60.71]                 192.42   
BlackPeopleTwitter             50   [([11, 3, 2020], 44682), ([15, 3, 2020], 44682)]        6474.6          78.48           0.97             82.5              ned                   0   [0.0, 0.02, 0.0]       [6.6, 34.38]                 288.15   
oddlysatisfying             94   [([11, 3, 2020], 44777), ([15, 3, 2020], 44777)]       2787.99          47.36           0.93            58.87              ned                   1   [0.0426, 0.0426, 0.0]      [6.57, 37.14]                 104.68   
travel                      27   [([11, 3, 2020], 44822), ([15, 3, 2020], 44822)]         64.22           12.3           0.62             5.22              ned                   0   [0.0, 0.0, 0.0]     [10.52, 63.93]                   5.63   
leagueoflegends             80   [([11, 3, 2020], 44832), ([15, 3, 2020], 44832)]        330.02          49.48            0.8             6.67              ned                   0   [0.0375, 0.025, 0.0]     [10.95, 59.16]                   85.6   
facepalm                    91   [([11, 3, 2020], 44951), ([15, 3, 2020], 44951)]        824.09          20.41           0.88            40.38              ned                   0   [0.011, 0.0, 0.0]      [8.41, 45.82]                   28.1   
me_irl                      95   [([11, 3, 2020], 44983), ([15, 3, 2020], 44983)]       2279.94          17.35           0.95           131.43              ned                   0   [0.0105, 0.0, 0.0]        [1.26, 6.0]                  35.53   
dankmemes                   96   [([11, 3, 2020], 45015), ([15, 3, 2020], 45015)]      16404.46         107.11           0.97           153.15           208.75                   0   [0.25, 0.0938, 0.0208]      [4.83, 23.43]                 225.37   
NatureIsFuckingLit             59   [([11, 3, 2020], 45083), ([15, 3, 2020], 45083)]       2380.78          29.97           0.96            79.45              ned                   1   [0.0847, 0.0339, 0.0]      [11.68, 65.1]                  40.21   
pcmasterrace                87   [([11, 3, 2020], 45107), ([15, 3, 2020], 45107)]       1325.64          28.05           0.91            47.27             9.36                   0   [0.0115, 0.0, 0.0]     [11.84, 62.49]                  48.64   
Tinder                      84   [([11, 3, 2020], 45141), ([15, 3, 2020], 45141)]        276.86           7.24            0.9            38.25              ned                   0   [0.0, 0.0, 0.0]       [6.08, 30.6]                   7.63   
nba                         90   [([11, 3, 2020], 45165), ([15, 3, 2020], 45165)]       1191.49          80.81           0.92            14.74             9.43                   0   [0.0556, 0.0667, 0.0]     [16.9, 100.21]                 268.77   
Whatcouldgowrong             17   [([11, 3, 2020], 45224), ([15, 3, 2020], 45224)]       2426.88          55.47           0.91            43.75            17.35                   0   [0.0, 0.0, 0.0]       [6.18, 32.0]                 161.31   
AnimalsBeingBros             13   [([11, 3, 2020], 45233), ([15, 3, 2020], 45233)]        456.77           3.54           0.92           129.09              ned                   0   [0.0769, 0.0, 0.0]      [9.15, 54.23]                   2.08   
PS4                         66   [([11, 3, 2020], 45237), ([15, 3, 2020], 45237)]         15.85          18.83           0.67             0.84              ned                   0   [0.0, 0.0, 0.0]      [9.24, 52.12]                   9.61   
woahdude                    29   [([11, 3, 2020], 45260), ([15, 3, 2020], 45260)]       1038.41          15.45           0.78            67.22              ned                   1   [0.0, 0.0, 0.0]      [7.41, 45.03]                  26.55   
tattoos                     72   [([11, 3, 2020], 45271), ([15, 3, 2020], 45271)]        194.78            5.1            0.9            38.21            20.31                   0   [0.0278, 0.0, 0.0]      [16.1, 89.69]                   2.38   
AnimalsBeingJerks             26   [([11, 3, 2020], 45291), ([15, 3, 2020], 45291)]       2240.73          25.92           0.93            86.44              ned                   0   [0.0385, 0.0, 0.0]      [9.77, 50.96]                   68.6   
BikiniBottomTwitter             60   [([11, 3, 2020], 45301), ([15, 3, 2020], 45301)]        884.45           6.17           0.92           143.42              ned                   0   [0.0, 0.0, 0.0]       [5.1, 26.62]                   9.43   
reactiongifs                25   [([11, 3, 2020], 45319), ([15, 3, 2020], 45319)]        302.24           5.12           0.81            59.03              ned                   0   [0.0, 0.04, 0.0]     [13.92, 74.64]                    7.2   
Overwatch                   75   [([11, 3, 2020], 45326), ([15, 3, 2020], 45326)]        626.91          13.57           0.87            46.19              ned                   1   [0.0267, 0.0, 0.0]        [9.4, 50.6]                  30.31   
FoodPorn                    92   [([11, 3, 2020], 45351), ([15, 3, 2020], 45351)]        345.13           8.68           0.93            39.74              ned                   0   [0.0109, 0.0109, 0.0]      [8.99, 52.71]                   6.57   
relationship_advice             88   [([11, 3, 2020], 45378), ([15, 3, 2020], 45378)]          37.1          20.81           0.85             1.78              ned                   0   [0.0, 0.0, 0.0]     [14.07, 73.39]                  32.66   
Unexpected                  77   [([11, 3, 2020], 45409), ([15, 3, 2020], 45409)]       2368.62          30.57           0.84            77.48             20.1                   1   [0.026, 0.026, 0.013]      [4.61, 24.38]                 103.84   
Minecraft                   97   [([11, 3, 2020], 45441), ([15, 3, 2020], 45441)]       3245.89          52.79           0.97            61.48              ned                   5   [0.0206, 0.0206, 0.0206]      [10.48, 55.3]                  95.19   
PewdiepieSubmissions             99   [([11, 3, 2020], 45578), ([15, 3, 2020], 45578)]       6841.02          53.92           0.96           126.88              ned                   1   [0.0707, 0.0101, 0.0101]      [4.73, 24.25]                   64.8   
atheism                     74   [([11, 3, 2020], 45626), ([15, 3, 2020], 45626)]        431.45          33.68           0.77            12.81              ned                   0   [0.0, 0.0, 0.0]     [14.78, 85.68]                  34.09   
gonewild                    95   [([11, 3, 2020], 45659), ([15, 3, 2020], 45659)]        708.72          31.74           0.98            22.33            18.97                   0   [0.1368, 0.0842, 0.0]      [8.89, 44.23]                   4.49   
programming                 28   [([11, 3, 2020], 45695), ([15, 3, 2020], 45695)]         62.39          10.61           0.55             5.88              ned                   0   [0.0, 0.0, 0.0]      [7.96, 50.71]                   6.73   
boardgames                  46   [([11, 3, 2020], 45704), ([15, 3, 2020], 45704)]         45.83          13.17           0.74             3.48              ned                   0   [0.0, 0.0, 0.0]     [10.37, 58.07]                   8.88   
gardening                   90   [([11, 3, 2020], 45720), ([15, 3, 2020], 45720)]        289.47          10.78           0.96            26.86              ned                   0   [0.0111, 0.0, 0.0]     [12.56, 69.31]                   4.82   
instant_regret               4   [([11, 3, 2020], 45748), ([15, 3, 2020], 45748)]      13506.25         106.25           0.66           127.12              ned                   0   [0.5, 0.25, 0.25]        [6.0, 32.5]                 450.91   
dadjokes                    74   [([11, 3, 2020], 45752), ([15, 3, 2020], 45752)]         252.2           6.49           0.83            38.88              ned                   0   [0.0, 0.0135, 0.0]     [10.95, 57.01]                  16.36   
gameofthrones               13   [([11, 3, 2020], 45772), ([15, 3, 2020], 45772)]        313.46          13.23           0.75            23.69              ned                   0   [0.0769, 0.0, 0.0]     [12.77, 72.31]                    6.9   
pokemongo                   80   [([11, 3, 2020], 45776), ([15, 3, 2020], 45776)]        108.66          12.24           0.76             8.88              ned                   0   [0.0, 0.0, 0.0]      [8.29, 45.25]                  13.49   
europe                      90   [([11, 3, 2020], 45804), ([15, 3, 2020], 45804)]         685.0           55.2           0.91            12.41              ned                   1   [0.0111, 0.0111, 0.0]     [11.08, 66.87]                  65.67   
mildlyinfuriating             95   [([11, 3, 2020], 45932), ([15, 3, 2020], 45932)]         478.2          17.37           0.89            27.53              ned                   0   [0.0, 0.0, 0.0]      [7.91, 40.94]                  26.41   
pokemon                     81   [([11, 3, 2020], 45962), ([15, 3, 2020], 45962)]        217.78          24.64           0.75             8.84              ned                   2   [0.0123, 0.0123, 0.0123]      [9.53, 53.16]                  29.88   
Damnthatsinteresting             85   [([11, 3, 2020], 45992), ([15, 3, 2020], 45992)]       1480.08          22.88            0.9            64.68              ned                   0   [0.0235, 0.0, 0.0]     [11.08, 64.19]                  30.18   
Games                       14   [([11, 3, 2020], 46026), ([15, 3, 2020], 46026)]        743.93          70.93            0.8            10.49              ned                   0   [0.0, 0.0, 0.0]     [13.57, 79.71]                  81.33   
iphone                       3   [([11, 3, 2020], 46034), ([15, 3, 2020], 46034)]        998.33          81.33           0.92            12.27              6.0                   0   [0.0, 0.0, 0.0]      [12.0, 65.33]                  47.22   
AnimalsBeingDerps             78   [([11, 3, 2020], 46036), ([15, 3, 2020], 46036)]         754.5           6.77           0.93           111.46              ned                   0   [0.0, 0.0, 0.0]      [8.31, 43.62]                  14.05   
loseit                      48   [([11, 3, 2020], 46058), ([15, 3, 2020], 46058)]         81.08           10.0           0.87             8.11              ned                   0   [0.0, 0.0, 0.0]      [8.71, 47.44]                   4.64   
nonononoyes                 26   [([11, 3, 2020], 46074), ([15, 3, 2020], 46074)]         48.69           4.12           0.71            11.83              ned                   0   [0.0, 0.0, 0.0]      [5.77, 31.54]                   2.98   
itookapicture               90   [([11, 3, 2020], 46083), ([15, 3, 2020], 46083)]         202.7           4.14           0.92            48.91              ned                   0   [0.0222, 0.0111, 0.0]      [6.73, 32.52]                   0.43   
drawing                     97   [([11, 3, 2020], 46106), ([15, 3, 2020], 46106)]         300.2           8.92           0.94            33.66              ned                   0   [0.0515, 0.0103, 0.0]      [9.23, 48.81]                   4.83   
humor                        8   [([11, 3, 2020], 46134), ([15, 3, 2020], 46134)]         160.0            4.0           0.72             40.0              ned                   0   [0.0, 0.0, 0.0]       [8.5, 46.62]                   3.08   
CrappyDesign                42   [([11, 3, 2020], 46136), ([15, 3, 2020], 46136)]       1266.45          37.17           0.73            34.07              ned                   0   [0.0, 0.0, 0.0]     [10.79, 56.74]                 113.68   
buildapc                    88   [([11, 3, 2020], 46152), ([15, 3, 2020], 46152)]         48.39          10.57           0.88             4.58              ned                   0   [0.0114, 0.0114, 0.0]      [9.19, 48.75]                    4.8   
Wellthatsucks               86   [([11, 3, 2020], 46180), ([15, 3, 2020], 46180)]        1528.9          52.94           0.86            28.88            11.59                   0   [0.0, 0.0349, 0.0]      [11.09, 59.9]                 130.03   
GifRecipes                   3   [([11, 3, 2020], 46217), ([15, 3, 2020], 46217)]       2135.67         131.67           0.79            16.22             11.0                   0   [0.0, 0.0, 0.0]       [4.33, 26.0]                 336.78   
BetterEveryLoop              7   [([11, 3, 2020], 46221), ([15, 3, 2020], 46221)]       6187.43          61.14           0.96            101.2            80.43                   0   [0.0, 0.0, 0.0]      [5.71, 29.57]                  95.67   
slowcooking                 18   [([11, 3, 2020], 46226), ([15, 3, 2020], 46226)]        268.94          10.22            0.8            26.31              ned                   0   [0.0, 0.0, 0.0]      [8.06, 47.39]                  10.28   
trashy                      37   [([11, 3, 2020], 46232), ([15, 3, 2020], 46232)]       2954.86          89.16           0.89            33.14            17.38                   0   [0.0, 0.027, 0.0]     [10.43, 58.51]                 222.01   
WatchPeopleDieInside             20   [([11, 3, 2020], 46255), ([15, 3, 2020], 46255)]       2469.55          47.75           0.79            51.72              ned                   0   [0.0, 0.0, 0.0]       [7.15, 36.7]                 231.48   
Eyebleach                   93   [([11, 3, 2020], 46265), ([15, 3, 2020], 46265)]       1547.82           14.0           0.97           110.56              ned                   0   [0.0108, 0.0215, 0.0108]      [5.13, 26.65]                  39.24   
nfl                         56   [([11, 3, 2020], 46296), ([15, 3, 2020], 46296)]        332.86         124.27           0.87             2.68             3.25                   0   [0.0, 0.0, 0.0]    [21.39, 126.09]                 155.26   
hiphopheads                 76   [([11, 3, 2020], 46458), ([15, 3, 2020], 46458)]        228.79          26.32           0.78             8.69              ned                   0   [0.0, 0.0132, 0.0263]      [7.75, 42.16]                   63.1   
confession                   7   [([11, 3, 2020], 46487), ([15, 3, 2020], 46487)]        266.29          17.71           0.77            15.03             5.57                   0   [0.0, 0.0, 0.0]     [12.57, 58.43]                  61.14   
YouShouldKnow               15   [([11, 3, 2020], 46490), ([15, 3, 2020], 46490)]        1931.0          59.53           0.85            32.44            13.87                   0   [0.1333, 0.0, 0.0]     [22.4, 124.07]                  88.67   
offmychest                  86   [([11, 3, 2020], 46497), ([15, 3, 2020], 46497)]        181.33           8.65           0.93            20.96              ned                   0   [0.0465, 0.0233, 0.0233]      [8.79, 45.03]                  22.34   
woodworking                 73   [([11, 3, 2020], 46523), ([15, 3, 2020], 46523)]        168.95          11.73            0.9            14.41              ned                   0   [0.0, 0.0, 0.0]     [12.34, 66.93]                   6.01   
Parenting                   28   [([11, 3, 2020], 46545), ([15, 3, 2020], 46545)]         41.36          22.75           0.88             1.82              ned                   0   [0.0, 0.0, 0.0]      [6.86, 35.18]                  30.71   
nextfuckinglevel             78   [([11, 3, 2020], 46555), ([15, 3, 2020], 46555)]       4161.74          63.36           0.91            65.69            30.29                   1   [0.1154, 0.0385, 0.0]     [10.28, 60.12]                 178.59   
RoastMe                     45   [([11, 3, 2020], 46596), ([15, 3, 2020], 46596)]        569.91         161.78           0.84             3.52             0.27                   0   [0.0444, 0.0444, 0.0]     [13.11, 67.33]                 216.16   
xboxone                     75   [([11, 3, 2020], 46623), ([15, 3, 2020], 46623)]        100.12          19.09           0.59             5.24              ned                   0   [0.0, 0.0, 0.0]      [9.31, 52.28]                   0.77   
MakeupAddiction             79   [([11, 3, 2020], 46649), ([15, 3, 2020], 46649)]        168.78           7.71           0.92            21.89            14.38                   0   [0.0, 0.0, 0.0]     [10.87, 58.38]                   5.17   
ChoosingBeggars             41   [([11, 3, 2020], 46684), ([15, 3, 2020], 46684)]       2965.24         116.41           0.75            25.47              ned                   0   [0.0488, 0.0488, 0.0]     [14.85, 77.07]                 398.63   
PublicFreakout              79   [([11, 3, 2020], 46710), ([15, 3, 2020], 46710)]       2307.51         104.87           0.83             22.0              ned                   1   [0.1139, 0.0253, 0.0]     [11.19, 64.75]                 234.94   
AmItheAsshole               86   [([11, 3, 2020], 46764), ([15, 3, 2020], 46764)]       1077.22         171.27            0.9             6.29             3.42                   0   [0.0465, 0.0233, 0.0]     [13.15, 69.71]                 806.81   
