Europe                      90   [([7, 3, 2020], 33346), ([11, 3, 2020], 33346)]        173.12          35.83           0.82             4.83              ned                   2   [0.0222, 0.0, 0.0]     [11.77, 74.19]                  28.48   
11_03_2020_17     num_of_posts                                          datetime   avg_upvotes   avg_comments   avg_ud_ratio   avg_uc_ratio_1   avg_uc_ratio_2   num_of_oc_content        avg_awards   avg_title_length   avg_u_top10_comments   
Austria                     58   [([7, 3, 2020], 33462), ([11, 3, 2020], 33462)]          76.6          11.52           0.81             6.65              ned                   0   [0.0, 0.0, 0.0]       [8.9, 59.12]                   8.41   
Albania                     10   [([7, 3, 2020], 33482), ([11, 3, 2020], 33482)]          23.1           27.5           0.82             0.84              ned                   0   [0.0, 0.0, 0.0]        [7.3, 44.6]                   6.17   
Belgium                     18   [([7, 3, 2020], 33487), ([11, 3, 2020], 33487)]         23.72           29.0           0.74             0.82              ned                   0   [0.0, 0.0, 0.0]      [7.67, 51.39]                  17.22   
slovenia                    12   [([7, 3, 2020], 33495), ([11, 3, 2020], 33495)]         51.42          21.83           0.86             2.35              ned                   0   [0.0833, 0.0, 0.0]      [5.83, 37.33]                  13.72   
Bosnia                       2   [([7, 3, 2020], 33500), ([11, 3, 2020], 33500)]           9.0            2.0           0.96              4.5              ned                   0   [0.0, 0.0, 0.0]      [26.5, 148.0]                    0.5   
Croatia                     60   [([7, 3, 2020], 33500), ([11, 3, 2020], 33500)]         64.08          20.93           0.75             3.06              ned                   0   [0.0, 0.0, 0.0]      [8.95, 55.47]                  18.44   
France                      73   [([7, 3, 2020], 33528), ([11, 3, 2020], 33528)]         67.89          43.29           0.78             1.57              ned                   0   [0.0137, 0.0411, 0.0]      [12.38, 74.1]                   20.3   
Germany                     20   [([7, 3, 2020], 33577), ([11, 3, 2020], 33577)]          82.6          11.15           0.62             7.41              ned                   1   [0.0, 0.0, 0.0]      [9.85, 57.45]                   7.28   
Ireland                     84   [([7, 3, 2020], 33585), ([11, 3, 2020], 33585)]        133.23          26.93           0.84             4.95              ned                   0   [0.0119, 0.0, 0.0]     [11.15, 65.13]                  21.17   
thenetherlands              11   [([7, 3, 2020], 33622), ([11, 3, 2020], 33622)]        142.36          88.36           0.92             1.61             2.45                   0   [0.0, 0.0, 0.0]      [8.64, 58.64]                  65.97   
unitedkingdom               36   [([7, 3, 2020], 33632), ([11, 3, 2020], 33632)]        114.22          79.83           0.76             1.43              ned                   0   [0.0, 0.0278, 0.0]     [10.58, 65.69]                  51.84   
Switzerland                  3   [([7, 3, 2020], 33662), ([11, 3, 2020], 33662)]         135.0          159.0           0.93             0.85             1.67                   0   [0.0, 0.0, 0.0]     [16.67, 108.0]                    1.0   
Slovakia                    11   [([7, 3, 2020], 33666), ([11, 3, 2020], 33666)]         54.91           3.55           0.76            15.49              ned                   0   [0.0, 0.0, 0.0]      [5.73, 33.45]                   3.09   
Russia                      29   [([7, 3, 2020], 33669), ([11, 3, 2020], 33669)]         22.93           4.17           0.75              5.5              ned                   0   [0.0, 0.0, 0.0]      [8.03, 46.45]                   2.86   
