buildapc                    80   [([7, 3, 2020], 43205), ([11, 3, 2020], 43205)]         25.82          15.96           0.96             1.62              ned                   0   [0.0, 0.0, 0.0]       [7.55, 39.8]                    7.3   
Wellthatsucks               84   [([7, 3, 2020], 43238), ([11, 3, 2020], 43238)]       1495.18           67.9           0.89            22.02              ned                   0   [0.0238, 0.0, 0.0]      [12.0, 62.55]                 158.79   
GifRecipes                   1   [([7, 3, 2020], 43278), ([11, 3, 2020], 43278)]          73.0           18.0           0.71             4.06              4.0                   0   [0.0, 0.0, 0.0]        [3.0, 20.0]                  19.33   
BetterEveryLoop              3   [([7, 3, 2020], 43279), ([11, 3, 2020], 43279)]        9772.0         101.67           0.94            96.12             72.0                   0   [0.0, 0.0, 0.0]     [10.67, 55.67]                 222.11   
slowcooking                  6   [([7, 3, 2020], 43283), ([11, 3, 2020], 43283)]        171.67           7.83           0.76            21.91              ned                   0   [0.0, 0.0, 0.0]        [6.5, 36.5]                   8.66   
trashy                      52   [([7, 3, 2020], 43285), ([11, 3, 2020], 43285)]       1064.12          61.54            0.9            17.29              ned                   0   [0.0, 0.0, 0.0192]     [10.19, 54.48]                 130.56   
WatchPeopleDieInside             22   [([7, 3, 2020], 43315), ([11, 3, 2020], 43315)]       7531.41         191.59           0.93            39.31            25.45                   0   [0.0909, 0.0909, 0.0]       [6.18, 33.5]                 960.08   
Eyebleach                   91   [([7, 3, 2020], 43333), ([11, 3, 2020], 43333)]       1107.33          12.67           0.96             87.4              ned                   0   [0.033, 0.011, 0.0]       [6.0, 31.54]                  39.56   
nfl                         73   [([7, 3, 2020], 43368), ([11, 3, 2020], 43368)]         214.1          65.01           0.82             3.29              ned                   0   [0.0137, 0.0, 0.0]     [20.36, 115.9]                   75.4   
hiphopheads                 71   [([7, 3, 2020], 43516), ([11, 3, 2020], 43516)]         94.28          26.77           0.82             3.52              ned                   0   [0.0, 0.0, 0.0]       [8.3, 45.79]                  33.29   
confession                   5   [([7, 3, 2020], 43542), ([11, 3, 2020], 43542)]          34.6           12.6           0.79             2.75              ned                   0   [0.0, 0.0, 0.0]        [9.0, 46.8]                   14.6   
YouShouldKnow                8   [([7, 3, 2020], 43544), ([11, 3, 2020], 43544)]       1832.88         102.62           0.87            17.86            12.75                   0   [0.0, 0.0, 0.0]     [15.38, 87.38]                  253.5   
offmychest                  97   [([7, 3, 2020], 43550), ([11, 3, 2020], 43550)]        362.69          27.31           0.91            13.28              ned                   0   [0.0928, 0.0412, 0.0]      [10.88, 57.4]                  30.53   
woodworking                 86   [([7, 3, 2020], 43582), ([11, 3, 2020], 43582)]        157.83          10.45           0.92             15.1              ned                   1   [0.0233, 0.0116, 0.0]     [15.48, 84.45]                   7.03   
Parenting                   64   [([7, 3, 2020], 43611), ([11, 3, 2020], 43611)]         48.69          22.45           0.87             2.17              ned                   0   [0.0312, 0.0156, 0.0]      [8.14, 44.59]                  31.84   
nextfuckinglevel             47   [([7, 3, 2020], 43638), ([11, 3, 2020], 43638)]       3995.91          77.19           0.89            51.77              ned                   0   [0.0638, 0.0426, 0.0]       [9.15, 53.3]                 201.84   
RoastMe                     35   [([7, 3, 2020], 43665), ([11, 3, 2020], 43665)]        502.46         141.14           0.79             3.56              ned                   0   [0.0, 0.0, 0.0]     [12.23, 61.17]                 188.21   
xboxone                     80   [([7, 3, 2020], 43690), ([11, 3, 2020], 43690)]         39.56           18.3           0.66             2.16              ned                   0   [0.0, 0.0, 0.0]     [10.31, 55.83]                   1.63   
MakeupAddiction             50   [([7, 3, 2020], 43720), ([11, 3, 2020], 43720)]        155.52          13.02           0.91            11.94             7.92                   0   [0.02, 0.0, 0.0]      [9.86, 57.02]                   7.08   
ChoosingBeggars             24   [([7, 3, 2020], 43752), ([11, 3, 2020], 43752)]       1319.04          50.12           0.79            26.32              ned                   0   [0.0417, 0.0833, 0.0417]     [13.79, 75.83]                 137.08   
PublicFreakout              72   [([7, 3, 2020], 43766), ([11, 3, 2020], 43766)]       3139.42         380.08           0.75             8.26              ned                   0   [0.2222, 0.0972, 0.0139]      [9.35, 52.89]                 348.42   
AmItheAsshole               93   [([7, 3, 2020], 43813), ([11, 3, 2020], 43813)]         826.7         157.85           0.91             5.24             3.05                   0   [0.086, 0.0108, 0.0]     [12.51, 67.04]                 642.06   
ChildrenFallingOver              6   [([7, 3, 2020], 43907), ([11, 3, 2020], 43907)]        230.33           2.67           0.74            86.38              ned                   0   [0.0, 0.0, 0.0]        [5.5, 24.5]                   1.94   
cats                        95   [([7, 3, 2020], 43909), ([11, 3, 2020], 43909)]        404.58          11.58           0.97            34.94              ned                   0   [0.0421, 0.0316, 0.0]     [10.56, 54.12]                  11.76   
BeAmazed                    23   [([7, 3, 2020], 43946), ([11, 3, 2020], 43946)]       2496.17          37.35           0.87            66.84              ned                   1   [0.3913, 0.3043, 0.0]      [7.43, 44.48]                  62.33   
pcgaming                    45   [([7, 3, 2020], 43958), ([11, 3, 2020], 43958)]        262.71          60.16           0.65             4.37              ned                   0   [0.0, 0.0, 0.0]     [10.96, 63.51]                  80.64   
HighQualityGifs             13   [([7, 3, 2020], 43993), ([11, 3, 2020], 43993)]       1663.23          18.62           0.89            89.35              ned                   0   [0.0, 0.5385, 0.0]      [7.85, 43.38]                  48.62   
EatCheapAndHealthy             14   [([7, 3, 2020], 44001), ([11, 3, 2020], 44001)]        501.79          40.43           0.81            12.41              ned                   0   [0.0, 0.0, 0.0]      [11.5, 59.71]                  22.83   
teenagers                   96   [([7, 3, 2020], 44008), ([11, 3, 2020], 44008)]       3439.18          44.05           0.97            78.07              ned                   0   [0.0312, 0.0, 0.0]      [6.22, 30.43]                  57.65   
cars                        37   [([7, 3, 2020], 44059), ([11, 3, 2020], 44059)]         80.81          48.59           0.69             1.66              ned                   0   [0.027, 0.027, 0.0]     [10.11, 57.73]                  32.05   
Roadcam                      7   [([7, 3, 2020], 44159), ([11, 3, 2020], 44159)]        132.14          19.86           0.85             6.65              8.0                   0   [0.0, 0.0, 0.0]     [10.14, 59.86]                  17.28   
NetflixBestOf                4   [([7, 3, 2020], 44162), ([11, 3, 2020], 44162)]        145.75          14.25           0.63            10.23              ned                   0   [0.0, 0.0, 0.0]      [13.25, 78.0]                  16.42   
keto                        54   [([7, 3, 2020], 44163), ([11, 3, 2020], 44163)]         39.56          14.46           0.78             2.73              ned                   0   [0.0, 0.0185, 0.0]      [8.17, 43.98]                   4.89   
raspberry_pi                 4   [([7, 3, 2020], 44182), ([11, 3, 2020], 44182)]         778.0          27.25           0.82            28.55             15.5                   0   [0.5, 0.0, 0.0]      [15.25, 92.0]                  25.67   
AskMen                      82   [([7, 3, 2020], 44184), ([11, 3, 2020], 44184)]        135.78          75.52           0.71              1.8              ned                   0   [0.0, 0.0, 0.0]     [12.84, 67.76]                  102.1   
HumansBeingBros             26   [([7, 3, 2020], 44359), ([11, 3, 2020], 44359)]       1072.12           18.5           0.93            57.95            24.46                   0   [0.0385, 0.0, 0.0385]      [16.42, 94.5]                   33.0   
HistoryPorn                  7   [([7, 3, 2020], 44368), ([11, 3, 2020], 44368)]        905.86          20.86           0.94            43.43              ned                   0   [0.0, 0.0, 0.0]    [16.29, 105.14]                   20.9   
MadeMeSmile                 84   [([7, 3, 2020], 44370), ([11, 3, 2020], 44370)]       1031.39          14.52           0.94            71.01              ned                   0   [0.0, 0.0119, 0.0]     [11.44, 60.63]                  27.83   
NintendoSwitch              61   [([7, 3, 2020], 44396), ([11, 3, 2020], 44396)]        320.77          45.38           0.57             7.07              ned                   0   [0.0, 0.0, 0.0]      [10.7, 63.59]                  46.84   
backpacking                 10   [([7, 3, 2020], 44427), ([11, 3, 2020], 44427)]         150.9            6.7           0.88            22.52              ned                   0   [0.0, 0.0, 0.0]        [6.8, 42.6]                   2.47   
OutOfTheLoop                14   [([7, 3, 2020], 44430), ([11, 3, 2020], 44430)]        109.29           12.0           0.66             9.11              ned                   0   [0.0, 0.0, 0.0]     [12.07, 71.93]                  28.81   
RealGirls                   96   [([7, 3, 2020], 44435), ([11, 3, 2020], 44435)]        433.68           18.1           0.97            23.95            18.49                   0   [0.0729, 0.0312, 0.0104]      [8.65, 43.17]                   1.84   
rickandmorty                47   [([7, 3, 2020], 44467), ([11, 3, 2020], 44467)]        393.57           6.79           0.83            57.99              ned                   0   [0.0213, 0.0, 0.0]      [6.57, 33.94]                   4.56   
Cooking                     59   [([7, 3, 2020], 44484), ([11, 3, 2020], 44484)]         19.12           27.2           0.71              0.7              ned                   0   [0.0, 0.0, 0.0]      [9.78, 53.97]                  14.28   
streetwear                  83   [([7, 3, 2020], 44506), ([11, 3, 2020], 44506)]        131.37           3.76           0.82            34.95              ned                   0   [0.0, 0.0, 0.0]      [7.46, 44.08]                   3.89   
biology                     32   [([7, 3, 2020], 44528), ([11, 3, 2020], 44528)]          1.44           2.88            0.6              0.5              ned                   0   [0.0, 0.0, 0.0]     [12.91, 76.81]                   0.94   
IdiotsInCars                51   [([7, 3, 2020], 44537), ([11, 3, 2020], 44537)]        1548.2          87.06           0.81            17.78              ned                   0   [0.0, 0.0, 0.0]      [9.06, 46.67]                 218.27   
insanepeoplefacebook             86   [([7, 3, 2020], 44563), ([11, 3, 2020], 44563)]        859.88          48.74           0.93            17.64              ned                   0   [0.0, 0.0116, 0.0]      [8.31, 45.69]                  76.12   
MurderedByWords             15   [([7, 3, 2020], 44598), ([11, 3, 2020], 44598)]       7451.87         120.67           0.78            61.76              ned                   0   [0.0667, 0.2, 0.0]      [7.67, 45.67]                 370.51   
frugalmalefashion              5   [([7, 3, 2020], 44636), ([11, 3, 2020], 44636)]          73.8           19.0           0.79             3.88              4.6                   0   [0.0, 0.0, 0.0]       [10.8, 64.2]                   12.4   
DnD                         88   [([7, 3, 2020], 44638), ([11, 3, 2020], 44638)]        390.95          13.23            0.9            29.56              ned                  16   [0.0, 0.0, 0.0]      [10.0, 56.01]                  11.59   
youseeingthisshit              4   [([7, 3, 2020], 44703), ([11, 3, 2020], 44703)]       7892.75         182.75           0.93            43.19            82.75                   0   [0.0, 0.0, 0.0]      [6.25, 36.25]                 694.08   
KidsAreFuckingStupid             27   [([7, 3, 2020], 44708), ([11, 3, 2020], 44708)]       1415.07           47.0           0.89            30.11            21.96                   0   [0.0, 0.0, 0.0]       [8.56, 46.3]                 119.64   
recipes                     15   [([7, 3, 2020], 44723), ([11, 3, 2020], 44723)]        185.27            4.6           0.77            40.28              ned                   0   [0.0, 0.0, 0.0]      [6.93, 41.33]                    2.4   
TrollYChromosome              8   [([7, 3, 2020], 44727), ([11, 3, 2020], 44727)]        971.62          10.12            0.9            95.96              ned                   0   [0.0, 0.125, 0.0]      [5.88, 30.38]                  14.67   
therewasanattempt             57   [([7, 3, 2020], 44729), ([11, 3, 2020], 44729)]       1452.39           31.3           0.79             46.4              ned                   0   [0.0175, 0.0, 0.0]      [7.04, 35.23]                  50.66   
mac                         43   [([7, 3, 2020], 44752), ([11, 3, 2020], 44752)]         22.93           8.28           0.76             2.77              ned                   0   [0.0, 0.0, 0.0]     [11.19, 62.09]                    3.7   
nevertellmetheodds              4   [([7, 3, 2020], 44766), ([11, 3, 2020], 44766)]       3301.25           19.5           0.72           169.29              ned                   0   [0.0, 0.0, 0.0]      [7.25, 41.25]                  122.5   
MovieDetails                26   [([7, 3, 2020], 44767), ([11, 3, 2020], 44767)]       1779.85          37.42           0.82            47.56            16.08                   0   [0.0, 0.0, 0.0]     [33.0, 186.54]                  63.53   
WhitePeopleTwitter             87   [([7, 3, 2020], 44778), ([11, 3, 2020], 44778)]        1820.6          36.89           0.94            49.36              ned                   0   [0.0, 0.0, 0.0]      [4.99, 27.23]                 104.89   
NoStupidQuestions             91   [([7, 3, 2020], 44814), ([11, 3, 2020], 44814)]        158.47           19.3           0.87             8.21             2.21                   0   [0.022, 0.0, 0.0]      [15.46, 82.2]                  52.44   
trees                       90   [([7, 3, 2020], 44846), ([11, 3, 2020], 44846)]        249.16          10.39           0.95            23.98              ned                   0   [0.0111, 0.0, 0.0]       [9.5, 49.76]                  11.01   
cursedcomments              80   [([7, 3, 2020], 44874), ([11, 3, 2020], 44874)]       2126.03          14.05           0.97           151.32            78.86                   0   [0.0, 0.0, 0.0]      [1.35, 15.07]                  17.33   
ArtisanVideos                2   [([7, 3, 2020], 44901), ([11, 3, 2020], 44901)]          66.0            9.5           0.65             6.95              ned                   0   [0.0, 0.0, 0.0]        [7.0, 55.5]                    9.0   
sex                         82   [([7, 3, 2020], 44902), ([11, 3, 2020], 44902)]        110.34          20.38           0.89             5.41             1.22                   0   [0.0, 0.0122, 0.0]     [10.45, 54.78]                  51.86   
Awwducational                9   [([7, 3, 2020], 44930), ([11, 3, 2020], 44930)]       1076.78          17.89           0.86            60.19              ned                   0   [0.0, 0.0, 0.0]    [32.67, 194.67]                  32.48   
battlestations              61   [([7, 3, 2020], 44933), ([11, 3, 2020], 44933)]        312.18          16.49           0.85            18.93              ned                   0   [0.0328, 0.0328, 0.0164]     [10.84, 56.87]                   6.98   
electronicmusic             48   [([7, 3, 2020], 44954), ([11, 3, 2020], 44954)]          11.5            1.5           0.92             7.67              ned                   0   [0.0, 0.0, 0.0]     [10.21, 57.96]                   0.95   
Outdoors                    50   [([7, 3, 2020], 44966), ([11, 3, 2020], 44966)]         62.18           1.74           0.92            35.74              ned                   0   [0.0, 0.0, 0.0]     [10.78, 60.38]                   0.64   
socialskills                88   [([7, 3, 2020], 44979), ([11, 3, 2020], 44979)]          31.6           8.03           0.92             3.93              ned                   0   [0.0, 0.0, 0.0]     [10.06, 55.01]                    5.2   
HistoryMemes                96   [([7, 3, 2020], 45005), ([11, 3, 2020], 45005)]        2359.3           37.2           0.97            63.43              ned                   2   [0.0104, 0.0104, 0.0]       [4.74, 25.5]                  103.5   
horror                      56   [([7, 3, 2020], 45044), ([11, 3, 2020], 45044)]         53.39          24.61           0.69             2.17              ned                   0   [0.0, 0.0, 0.0]     [11.82, 70.05]                  12.01   
whatisthisthing             66   [([7, 3, 2020], 45066), ([11, 3, 2020], 45066)]         50.65          14.97           0.76             3.38              ned                   0   [0.0, 0.0, 0.0]     [18.24, 98.11]                  13.03   
StarWars                    77   [([7, 3, 2020], 45089), ([11, 3, 2020], 45089)]         604.1          18.52           0.91            32.62              ned                   0   [0.026, 0.013, 0.013]     [12.79, 69.71]                  27.32   
coolguides                  26   [([7, 3, 2020], 45119), ([11, 3, 2020], 45119)]        948.88          23.65           0.88            40.12              ned                   0   [0.0, 0.0385, 0.0]      [7.46, 41.69]                  47.19   
natureismetal               18   [([7, 3, 2020], 45129), ([11, 3, 2020], 45129)]        493.22           24.0            0.9            20.55              ned                   0   [0.0, 0.0, 0.0]     [13.39, 72.44]                   38.7   
anime                       74   [([7, 3, 2020], 45136), ([11, 3, 2020], 45136)]        212.53          29.72            0.8             7.15              ned                   1   [0.027, 0.0405, 0.027]       [9.2, 54.78]                  23.72   
MealPrepSunday              16   [([7, 3, 2020], 45169), ([11, 3, 2020], 45169)]        266.62          21.62           0.84            12.33              ned                   0   [0.0, 0.0, 0.0]      [12.5, 74.94]                   35.0   
nsfw                        53   [([7, 3, 2020], 45175), ([11, 3, 2020], 45175)]         577.0            6.0           0.94            96.17            82.58                   0   [0.0, 0.0, 0.0]      [3.09, 16.98]                   2.77   
NSFW_GIF                    23   [([7, 3, 2020], 45190), ([11, 3, 2020], 45190)]        568.48           8.61            0.9            66.04            73.17                   0   [0.0, 0.0, 0.0]      [4.52, 23.65]                  12.55   
holdthemoan                  5   [([7, 3, 2020], 45200), ([11, 3, 2020], 45200)]        1742.4           31.2           0.97            55.85             49.2                   0   [0.0, 0.0, 0.0]        [9.6, 47.6]                  24.87   
BustyPetite                 26   [([7, 3, 2020], 45202), ([11, 3, 2020], 45202)]         488.5           5.23           0.95            93.39              ned                   0   [0.0385, 0.0, 0.0]      [3.46, 18.08]                   1.06   
cumsluts                    57   [([7, 3, 2020], 45210), ([11, 3, 2020], 45210)]        119.96           3.23           0.93            37.16              ned                   0   [0.0, 0.0, 0.0]      [5.67, 28.49]                   1.69   
PetiteGoneWild              95   [([7, 3, 2020], 45227), ([11, 3, 2020], 45227)]        275.75          11.89           0.97            23.18              ned                   0   [0.0632, 0.0105, 0.0105]      [8.59, 40.94]                   2.31   
adorableporn                42   [([7, 3, 2020], 45258), ([11, 3, 2020], 45258)]        240.81            6.0           0.91            40.13              ned                   0   [0.0238, 0.0238, 0.0]      [6.69, 33.05]                   0.93   
nsfw_gifs                   28   [([7, 3, 2020], 45272), ([11, 3, 2020], 45272)]         297.0            5.0           0.87             59.4              ned                   0   [0.0, 0.0, 0.0]      [7.39, 40.14]                   2.39   
AsiansGoneWild              94   [([7, 3, 2020], 45281), ([11, 3, 2020], 45281)]        351.22          16.07           0.97            21.85            18.32                   0   [0.0745, 0.0745, 0.0319]      [9.01, 43.32]                   2.11   
GirlsFinishingTheJob             19   [([7, 3, 2020], 45314), ([11, 3, 2020], 45314)]        299.68           4.37           0.95             68.6              ned                   0   [0.0, 0.0, 0.0]      [5.21, 29.32]                   2.95   
collegesluts                93   [([7, 3, 2020], 45321), ([11, 3, 2020], 45321)]        128.53           5.86           0.96            21.93              ned                   0   [0.0, 0.0, 0.0]      [6.54, 31.68]                   1.19   
hentai                     100   [([7, 3, 2020], 45350), ([11, 3, 2020], 45350)]        962.01           8.11           0.98           118.62           190.08                   0   [0.0, 0.0, 0.0]      [3.95, 20.93]                   6.24   
TittyDrop                   68   [([7, 3, 2020], 45385), ([11, 3, 2020], 45385)]        199.47           4.82           0.91            41.35              ned                   0   [0.0147, 0.0147, 0.0]      [5.43, 28.81]                   1.01   
porninfifteenseconds              7   [([7, 3, 2020], 45407), ([11, 3, 2020], 45407)]         555.0           5.57           0.94            99.62             78.0                   0   [0.0, 0.0, 0.0]       [8.0, 43.71]                   8.38   
porn                        85   [([7, 3, 2020], 45410), ([11, 3, 2020], 45410)]        123.09           2.92           0.95            42.19            31.28                   0   [0.0, 0.0, 0.0]      [6.73, 47.61]                   0.65   
ass                         76   [([7, 3, 2020], 45438), ([11, 3, 2020], 45438)]          95.3           2.04           0.89            46.73              ned                   0   [0.0132, 0.0, 0.0]       [4.38, 21.7]                   0.32   
pawg                        31   [([7, 3, 2020], 45459), ([11, 3, 2020], 45459)]        318.97           3.45            0.9            92.41              ned                   0   [0.0323, 0.0, 0.0323]      [3.42, 17.35]                   1.43   
milf                        38   [([7, 3, 2020], 45469), ([11, 3, 2020], 45469)]        246.26          15.87           0.96            15.52            14.42                   0   [0.0263, 0.0, 0.0]      [8.53, 43.16]                   1.41   
NSFWFunny                   37   [([7, 3, 2020], 45482), ([11, 3, 2020], 45482)]        348.54           8.49           0.83            41.07              ned                   0   [0.0, 0.0, 0.0]      [6.38, 34.05]                   12.1   
OnOff                       28   [([7, 3, 2020], 45493), ([11, 3, 2020], 45493)]        225.96           4.14           0.88            54.54              ned                   0   [0.0, 0.0, 0.0]      [5.29, 25.04]                   2.55   
