09_03_2020_20     num_of_posts                                         datetime   avg_upvotes   avg_comments   avg_ud_ratio   avg_uc_ratio_1   avg_uc_ratio_2   num_of_oc_content          avg_awards   avg_title_length   avg_u_top10_comments   
television                  37   [([5, 3, 2020], 43205), ([9, 3, 2020], 43205)]       1389.97          81.59           0.68            17.04              ned                   0   [0.0, 0.027, 0.0]     [12.32, 73.76]                 239.54   
Documentaries               16   [([5, 3, 2020], 43228), ([9, 3, 2020], 43228)]         78.31          11.56           0.63             6.77              ned                   0   [0.0, 0.0625, 0.0]    [19.75, 119.56]                   5.96   
photoshopbattles             27   [([5, 3, 2020], 43234), ([9, 3, 2020], 43234)]         947.7          19.26           0.84            49.21              ned                   0   [0.0, 0.0, 0.0]      [5.96, 37.59]                   48.1   
listentothis                82   [([5, 3, 2020], 43245), ([9, 3, 2020], 43245)]          12.3           2.09           0.73              5.9              ned                   0   [0.0, 0.0, 0.0]      [7.96, 49.66]                   0.66   
UpliftingNews               11   [([5, 3, 2020], 43271), ([9, 3, 2020], 43271)]       3269.91          92.91           0.92            35.19              ned                   0   [0.0, 0.0, 0.0]     [15.45, 96.91]                 100.82   
tifu                        62   [([5, 3, 2020], 43279), ([9, 3, 2020], 43279)]        933.87          38.11           0.78             24.5              ned                   0   [0.0323, 0.0323, 0.0]      [9.44, 51.05]                 207.15   
InternetIsBeautiful              1   [([5, 3, 2020], 43305), ([9, 3, 2020], 43305)]        3253.0           80.0           0.95            40.66             41.0                   0   [1.0, 0.0, 0.0]      [25.0, 116.0]                   48.0   
history                     13   [([5, 3, 2020], 43306), ([9, 3, 2020], 43306)]        202.31          29.15           0.67             6.94              ned                   0   [0.0, 0.0, 0.0]     [14.23, 81.69]                  20.62   
philosophy                   5   [([5, 3, 2020], 43312), ([9, 3, 2020], 43312)]          47.6            6.8           0.77              7.0             20.0                   0   [0.0, 0.0, 0.0]      [15.8, 105.8]                   2.33   
Futurology                  30   [([5, 3, 2020], 43314), ([9, 3, 2020], 43314)]        360.13           19.9           0.69             18.1              ned                   0   [0.0, 0.0333, 0.0]     [21.1, 128.23]                   11.7   
OldSchoolCool               86   [([5, 3, 2020], 43327), ([9, 3, 2020], 43327)]       1023.69          30.49           0.92            33.58              ned                   0   [0.0349, 0.0116, 0.0]      [12.3, 69.83]                  46.25   
WritingPrompts              86   [([5, 3, 2020], 43360), ([9, 3, 2020], 43360)]        124.13           4.81           0.89            25.79             11.9                   0   [0.0, 0.0, 0.0]    [35.01, 196.53]                  11.11   
dataisbeautiful             38   [([5, 3, 2020], 43382), ([9, 3, 2020], 43382)]       2307.32         130.47           0.76            17.68              ned                   0   [0.0263, 0.0526, 0.0]     [11.05, 69.87]                 233.96   
personalfinance             73   [([5, 3, 2020], 43400), ([9, 3, 2020], 43400)]        223.84          37.16           0.86             6.02              ned                   0   [0.0137, 0.0274, 0.0]      [12.19, 68.1]                   79.9   
nosleep                     59   [([5, 3, 2020], 43477), ([9, 3, 2020], 43477)]         98.53           6.47           0.87            15.22              ned                   0   [0.0508, 0.0169, 0.0]      [8.97, 45.92]                   6.74   
creepy                       2   [([5, 3, 2020], 43496), ([9, 3, 2020], 43496)]        5645.0          123.5           0.95            45.71             44.0                   0   [0.0, 0.0, 0.0]        [5.5, 29.0]                  97.16   
TwoXChromosomes             70   [([5, 3, 2020], 43498), ([9, 3, 2020], 43498)]        362.54          22.76           0.72            15.93              ned                   0   [0.0714, 0.0286, 0.0286]     [12.24, 66.96]                  93.06   
technology                  23   [([5, 3, 2020], 43542), ([9, 3, 2020], 43542)]       1934.57          91.57           0.73            21.13              ned                   0   [0.0435, 0.0, 0.0]      [10.7, 70.83]                 118.74   
memes                      100   [([5, 3, 2020], 43554), ([9, 3, 2020], 43554)]      25420.83         150.59           0.96           168.81           226.21                   0   [0.24, 0.07, 0.01]      [4.44, 22.93]                 216.18   
AdviceAnimals               24   [([5, 3, 2020], 43651), ([9, 3, 2020], 43651)]        257.62          15.21           0.73            16.94              ned                   0   [0.0, 0.0, 0.0]      [8.29, 48.08]                   9.13   
Fitness                      3   [([5, 3, 2020], 43661), ([9, 3, 2020], 43661)]         221.0          237.0           0.82             0.93             1.67                   0   [0.0, 0.0, 0.0]       [8.0, 52.33]                   65.0   
wholesomememes              56   [([5, 3, 2020], 43665), ([9, 3, 2020], 43665)]       1329.84          12.61           0.97           105.48              ned                   1   [0.0, 0.0, 0.0]      [5.73, 29.48]                  14.39   
WTF                         18   [([5, 3, 2020], 43683), ([9, 3, 2020], 43683)]       4592.89         156.67           0.85            29.32              ned                   0   [0.3333, 0.1667, 0.0]      [6.67, 36.67]                 457.63   
politics                    94   [([5, 3, 2020], 43697), ([9, 3, 2020], 43697)]       4997.16         434.28           0.94            11.51            18.72                   0   [0.0851, 0.0426, 0.0]     [13.95, 88.72]                 326.82   
bestof                      10   [([5, 3, 2020], 43837), ([9, 3, 2020], 43837)]         273.7           22.4           0.65            12.22              ned                   0   [0.0, 0.0, 0.0]      [14.5, 100.7]                  25.27   
interestingasfuck             87   [([5, 3, 2020], 43841), ([9, 3, 2020], 43841)]       3719.28          56.93           0.91            65.33             36.4                   0   [0.0345, 0.023, 0.0]     [11.85, 69.01]                 170.96   
BlackPeopleTwitter             27   [([5, 3, 2020], 43885), ([9, 3, 2020], 43885)]       5855.44          144.0           0.94            40.66            33.04                   0   [0.0, 0.0, 0.0]      [6.67, 35.19]                 353.86   
oddlysatisfying             92   [([5, 3, 2020], 43956), ([9, 3, 2020], 43956)]       1632.14          26.55           0.91            61.46              ned                   1   [0.0217, 0.0, 0.0]      [6.43, 37.07]                  44.03   
travel                      34   [([5, 3, 2020], 43999), ([9, 3, 2020], 43999)]        255.56          14.47           0.59            17.66              ned                   0   [0.0, 0.0, 0.0]      [9.56, 53.15]                   6.91   
leagueoflegends             78   [([5, 3, 2020], 44011), ([9, 3, 2020], 44011)]        636.08          57.04           0.81            11.15              ned                   0   [0.0128, 0.0, 0.0]      [10.87, 59.0]                 116.36   
facepalm                    87   [([5, 3, 2020], 44142), ([9, 3, 2020], 44142)]       1088.38          28.32           0.86            38.43              ned                   0   [0.0, 0.0, 0.0]       [7.49, 40.7]                  53.23   
me_irl                      94   [([5, 3, 2020], 44172), ([9, 3, 2020], 44172)]       2137.99          16.32           0.95           131.01              ned                   0   [0.0426, 0.0106, 0.0]        [1.27, 6.0]                  27.18   
dankmemes                   97   [([5, 3, 2020], 44204), ([9, 3, 2020], 44204)]      14304.29          85.13           0.96           168.02           212.39                   0   [0.2474, 0.0412, 0.0]      [4.87, 24.03]                 134.16   
NatureIsFuckingLit             52   [([5, 3, 2020], 44268), ([9, 3, 2020], 44268)]       2409.83          30.87           0.95            78.08              ned                   0   [0.0, 0.0, 0.0]     [14.27, 81.75]                  38.38   
pcmasterrace                88   [([5, 3, 2020], 44290), ([9, 3, 2020], 44290)]        564.18          24.34           0.92            23.18              ned                   0   [0.0114, 0.0, 0.0]      [9.65, 50.42]                  18.89   
Tinder                      88   [([5, 3, 2020], 44325), ([9, 3, 2020], 44325)]        1338.7          19.72           0.91             67.9              ned                   0   [0.0114, 0.0, 0.0]      [6.16, 31.08]                  51.16   
nba                         95   [([5, 3, 2020], 44355), ([9, 3, 2020], 44355)]       1281.84         186.96           0.95             6.86             6.87                   0   [0.2526, 0.0632, 0.0105]     [17.12, 98.99]                 469.64   
Whatcouldgowrong             28   [([5, 3, 2020], 44470), ([9, 3, 2020], 44470)]       3295.86           88.0            0.9            37.45              ned                   0   [0.0, 0.0357, 0.0]      [7.25, 37.29]                 310.07   
AnimalsBeingBros             13   [([5, 3, 2020], 44496), ([9, 3, 2020], 44496)]       4276.69           38.0           0.96           112.54              ned                   0   [0.0769, 0.0, 0.0]      [7.77, 43.08]                 147.64   
PS4                         60   [([5, 3, 2020], 44503), ([9, 3, 2020], 44503)]        244.37          37.15           0.57             6.58              ned                   0   [0.0, 0.0, 0.0]     [11.48, 64.98]                  18.16   
woahdude                    28   [([5, 3, 2020], 44530), ([9, 3, 2020], 44530)]        187.75           5.29           0.82            35.52              ned                   4   [0.0, 0.0, 0.0]       [6.18, 35.5]                   2.62   
tattoos                     64   [([5, 3, 2020], 44539), ([9, 3, 2020], 44539)]        181.03           6.05           0.89            29.94            18.52                   0   [0.0, 0.0, 0.0]     [14.84, 83.16]                   3.41   
AnimalsBeingJerks             23   [([5, 3, 2020], 44558), ([9, 3, 2020], 44558)]        915.04          11.43           0.84            80.02              ned                   0   [0.0, 0.0, 0.0]       [9.35, 45.0]                  18.65   
BikiniBottomTwitter             38   [([5, 3, 2020], 44566), ([9, 3, 2020], 44566)]       2298.13          15.58           0.94           147.52              ned                   0   [0.0263, 0.0263, 0.0]      [4.95, 25.82]                  44.11   
reactiongifs                15   [([5, 3, 2020], 44579), ([9, 3, 2020], 44579)]         875.6          16.87           0.76            51.91              ned                   0   [0.0, 0.0667, 0.0]      [14.4, 75.27]                   21.4   
Overwatch                   79   [([5, 3, 2020], 44585), ([9, 3, 2020], 44585)]        371.44          12.04           0.87            30.86              ned                   1   [0.0, 0.0, 0.0]      [8.67, 45.08]                  31.53   
FoodPorn                    93   [([5, 3, 2020], 44611), ([9, 3, 2020], 44611)]        135.46           3.96           0.89            34.23              ned                   0   [0.0, 0.0, 0.0]      [8.17, 48.81]                   2.29   
relationship_advice             87   [([5, 3, 2020], 44636), ([9, 3, 2020], 44636)]        158.36           33.6           0.84             4.71             1.51                   0   [0.0, 0.0, 0.0]     [14.87, 78.26]                  59.89   
Unexpected                  53   [([5, 3, 2020], 44684), ([9, 3, 2020], 44684)]       2381.42          35.91           0.84            66.32              ned                   0   [0.0755, 0.0755, 0.0]      [4.94, 25.92]                 157.48   
Minecraft                   95   [([5, 3, 2020], 44713), ([9, 3, 2020], 44713)]       2951.27          53.34           0.97            55.33             37.2                   7   [0.1053, 0.0211, 0.0105]      [12.27, 65.0]                  86.28   
PewdiepieSubmissions             99   [([5, 3, 2020], 44875), ([9, 3, 2020], 44875)]       7209.01          58.17           0.95           123.93            142.4                   1   [0.1818, 0.0, 0.0101]      [4.72, 23.19]                  65.65   
atheism                     73   [([5, 3, 2020], 44925), ([9, 3, 2020], 44925)]         567.1          31.78           0.71            17.84              ned                   0   [0.0411, 0.0, 0.0]     [10.77, 64.95]                  26.84   
gonewild                    93   [([5, 3, 2020], 44955), ([9, 3, 2020], 44955)]        767.23          29.75           0.98            25.79            20.42                   0   [0.086, 0.0968, 0.0323]       [9.0, 44.42]                   2.82   
programming                 41   [([5, 3, 2020], 44990), ([9, 3, 2020], 44990)]         35.95          14.85           0.43             2.42              ned                   0   [0.0, 0.0, 0.0]      [10.78, 64.9]                   9.54   
boardgames                  31   [([5, 3, 2020], 45006), ([9, 3, 2020], 45006)]         67.61          21.13           0.68              3.2              ned                   0   [0.0, 0.0, 0.0]      [9.68, 57.29]                  13.14   
gardening                   85   [([5, 3, 2020], 45018), ([9, 3, 2020], 45018)]        110.71           6.79           0.94            16.31              ned                   0   [0.0, 0.0, 0.0]     [12.64, 70.66]                   3.67   
instant_regret               2   [([5, 3, 2020], 45042), ([9, 3, 2020], 45042)]       20159.5          140.5           0.94           143.48             83.5                   0   [0.0, 0.0, 0.0]        [6.0, 38.0]                 326.33   
dadjokes                    84   [([5, 3, 2020], 45044), ([9, 3, 2020], 45044)]         111.7           2.48           0.79            45.11              ned                   0   [0.0476, 0.0, 0.0]       [9.5, 49.18]                   5.67   
gameofthrones               18   [([5, 3, 2020], 45064), ([9, 3, 2020], 45064)]       1047.78          19.56           0.75            53.58              ned                   0   [0.0, 0.0, 0.0]     [15.11, 83.89]                  27.18   
pokemongo                   71   [([5, 3, 2020], 45070), ([9, 3, 2020], 45070)]         69.96          10.46           0.56             6.69              ned                   0   [0.0, 0.0, 0.0]      [7.87, 41.72]                  11.43   
europe                      74   [([5, 3, 2020], 45091), ([9, 3, 2020], 45091)]        246.82          48.09           0.81             5.13              ned                   1   [0.0, 0.0, 0.0]     [11.64, 71.28]                  33.28   
mildlyinfuriating             87   [([5, 3, 2020], 45188), ([9, 3, 2020], 45188)]        726.69           24.3           0.89            29.91              ned                   0   [0.046, 0.0, 0.0]       [8.0, 41.43]                  50.07   
pokemon                     79   [([5, 3, 2020], 45215), ([9, 3, 2020], 45215)]        574.56          15.42           0.94            37.27              ned                  14   [0.038, 0.0253, 0.0]      [8.52, 45.27]                  15.71   
Damnthatsinteresting             79   [([5, 3, 2020], 45242), ([9, 3, 2020], 45242)]        465.59          10.86           0.89            42.87              ned                   1   [0.0, 0.0, 0.0]      [11.11, 64.7]                  13.15   
Games                       20   [([5, 3, 2020], 45269), ([9, 3, 2020], 45269)]         487.8         100.65           0.73             4.85              ned                   0   [0.0, 0.0, 0.0]        [7.6, 49.3]                 126.77   
iphone                       3   [([5, 3, 2020], 45285), ([9, 3, 2020], 45285)]        179.67           31.0            0.9              5.8             9.67                   0   [0.0, 0.0, 0.0]      [9.33, 56.67]                  24.11   
AnimalsBeingDerps             72   [([5, 3, 2020], 45287), ([9, 3, 2020], 45287)]        724.17           7.49           0.94            96.73              ned                   0   [0.0, 0.0, 0.0]      [8.01, 41.56]                  16.27   
loseit                      64   [([5, 3, 2020], 45309), ([9, 3, 2020], 45309)]         38.34          10.81            0.8             3.55              ned                   0   [0.0, 0.0, 0.0]      [8.64, 47.94]                   6.19   
nonononoyes                 26   [([5, 3, 2020], 45331), ([9, 3, 2020], 45331)]        957.77          10.31           0.77            92.92              ned                   0   [0.0, 0.0, 0.0]      [5.42, 27.04]                  33.68   
itookapicture               91   [([5, 3, 2020], 45340), ([9, 3, 2020], 45340)]        148.97           3.47           0.94             42.9              ned                   0   [0.0, 0.0, 0.0]      [6.67, 32.57]                   0.37   
drawing                     89   [([5, 3, 2020], 45364), ([9, 3, 2020], 45364)]        300.98           6.19           0.96            48.62              ned                   0   [0.0, 0.0, 0.0]       [8.7, 47.49]                   2.89   
humor                        6   [([5, 3, 2020], 45390), ([9, 3, 2020], 45390)]         33.67            2.0           0.72            16.83              ned                   0   [0.0, 0.0, 0.0]      [8.33, 44.67]                   1.44   
CrappyDesign                63   [([5, 3, 2020], 45391), ([9, 3, 2020], 45391)]        567.41          13.59           0.73            41.76              ned                   0   [0.0, 0.0, 0.0]       [8.9, 47.73]                  29.36   
buildapc                    72   [([5, 3, 2020], 45411), ([9, 3, 2020], 45411)]          40.0          16.06           0.86             2.49              ned                   0   [0.0139, 0.0, 0.0]      [7.39, 39.57]                   8.33   
Wellthatsucks               77   [([5, 3, 2020], 45434), ([9, 3, 2020], 45434)]       1125.96          51.21           0.84            21.99              ned                   0   [0.026, 0.0, 0.0]     [12.13, 63.27]                 118.25   
GifRecipes                   3   [([5, 3, 2020], 45465), ([9, 3, 2020], 45465)]        760.33          49.67           0.87            15.31            20.67                   0   [0.0, 0.0, 0.0]       [5.33, 31.0]                   65.0   
BetterEveryLoop             11   [([5, 3, 2020], 45467), ([9, 3, 2020], 45467)]       3648.64          39.36           0.91            92.69            38.09                   0   [0.0909, 0.0, 0.0]      [3.73, 23.45]                 112.67   
slowcooking                 17   [([5, 3, 2020], 45473), ([9, 3, 2020], 45473)]        124.47           6.12           0.87            20.35              ned                   0   [0.0, 0.0, 0.0]     [11.12, 60.94]                   4.06   
trashy                      34   [([5, 3, 2020], 45477), ([9, 3, 2020], 45477)]       2664.56         125.74           0.91            21.19              ned                   0   [0.0, 0.0, 0.0]      [9.06, 48.41]                 426.53   
WatchPeopleDieInside             16   [([5, 3, 2020], 45504), ([9, 3, 2020], 45504)]      10615.81         289.88           0.91            36.62            32.44                   0   [0.125, 0.0625, 0.0]      [6.06, 33.19]                 887.77   
Eyebleach                   94   [([5, 3, 2020], 45518), ([9, 3, 2020], 45518)]        710.39          11.46           0.97             62.0              ned                   0   [0.0426, 0.0, 0.0]      [7.09, 36.31]                  11.02   
nfl                         53   [([5, 3, 2020], 45546), ([9, 3, 2020], 45546)]        539.21         134.06           0.87             4.02              ned                   0   [0.0189, 0.0189, 0.0]     [16.38, 93.75]                 273.65   
hiphopheads                 76   [([5, 3, 2020], 45725), ([9, 3, 2020], 45725)]        177.39          15.86           0.85            11.19              ned                   0   [0.0395, 0.0263, 0.0395]      [8.66, 47.14]                  41.23   
confession                   3   [([5, 3, 2020], 45751), ([9, 3, 2020], 45751)]          3.67           5.33           0.48             0.69              ned                   0   [0.0, 0.0, 0.0]      [11.67, 60.0]                   4.56   
YouShouldKnow               15   [([5, 3, 2020], 45752), ([9, 3, 2020], 45752)]        422.73          18.87            0.8            22.41              8.8                   0   [0.0, 0.0, 0.0]     [20.8, 109.27]                  50.78   
offmychest                  87   [([5, 3, 2020], 45758), ([9, 3, 2020], 45758)]         69.71           6.91           0.92            10.09              ned                   0   [0.023, 0.0, 0.0]      [9.56, 47.79]                   8.34   
woodworking                 90   [([5, 3, 2020], 45781), ([9, 3, 2020], 45781)]         164.9           9.57           0.93            17.24              ned                   1   [0.0111, 0.0, 0.0]     [14.19, 78.17]                    5.2   
Parenting                   65   [([5, 3, 2020], 45807), ([9, 3, 2020], 45807)]         28.38          14.48           0.85             1.96              ned                   0   [0.0, 0.0, 0.0]      [8.94, 48.11]                  14.28   
nextfuckinglevel             56   [([5, 3, 2020], 45829), ([9, 3, 2020], 45829)]       6636.48          97.45           0.93             68.1            30.95                   2   [0.1786, 0.0714, 0.0]     [11.09, 62.21]                 324.33   
RoastMe                     28   [([5, 3, 2020], 45863), ([9, 3, 2020], 45863)]        702.61         119.64           0.85             5.87             0.89                   0   [0.0, 0.0, 0.0357]       [9.86, 54.0]                  182.5   
xboxone                     73   [([5, 3, 2020], 45882), ([9, 3, 2020], 45882)]        137.99          12.51           0.62            11.03              ned                   0   [0.0, 0.0, 0.0]      [7.82, 45.36]                    0.7   
MakeupAddiction             87   [([5, 3, 2020], 45904), ([9, 3, 2020], 45904)]        159.03           8.87           0.85            17.92              ned                   0   [0.023, 0.0, 0.0]     [13.15, 71.75]                   4.12   
ChoosingBeggars             22   [([5, 3, 2020], 45948), ([9, 3, 2020], 45948)]       1410.86          49.64           0.89            28.42             18.5                   0   [0.0455, 0.0, 0.0455]     [15.18, 81.09]                  109.7   
PublicFreakout              73   [([5, 3, 2020], 45961), ([9, 3, 2020], 45961)]        1126.4         122.14           0.78             9.22              ned                   0   [0.0548, 0.0274, 0.0]      [7.58, 42.77]                 195.79   
AmItheAsshole               94   [([5, 3, 2020], 46001), ([9, 3, 2020], 46001)]       1141.97         246.95           0.91             4.62             3.14                   0   [0.0106, 0.0, 0.0]     [13.03, 69.64]                 921.95   
ChildrenFallingOver              4   [([5, 3, 2020], 46104), ([9, 3, 2020], 46104)]       1834.75           19.0           0.96            96.57             65.5                   0   [0.0, 0.0, 0.0]        [7.0, 32.0]                  52.34   
cats                        90   [([5, 3, 2020], 46106), ([9, 3, 2020], 46106)]        512.96          10.32           0.98            49.69              ned                   0   [0.0, 0.0, 0.0]      [11.0, 54.74]                  14.75   
BeAmazed                    27   [([5, 3, 2020], 46133), ([9, 3, 2020], 46133)]       1278.56          21.44           0.88            59.62              ned                   0   [0.0, 0.0, 0.0]     [12.15, 71.78]                  59.36   
pcgaming                    36   [([5, 3, 2020], 46143), ([9, 3, 2020], 46143)]         171.0          45.14           0.59             3.79              ned                   0   [0.0, 0.0, 0.0]     [10.75, 63.28]                  29.14   
HighQualityGifs              3   [([5, 3, 2020], 46161), ([9, 3, 2020], 46161)]       3419.33          42.33           0.92            80.77              ned                   0   [0.0, 0.0, 0.0]      [8.33, 49.33]                 132.45   
EatCheapAndHealthy             15   [([5, 3, 2020], 46162), ([9, 3, 2020], 46162)]         33.67           30.0           0.85             1.12              ned                   0   [0.0, 0.0, 0.0]     [11.67, 62.93]                  19.02   
teenagers                   97   [([5, 3, 2020], 46169), ([9, 3, 2020], 46169)]       4178.93          85.49           0.97            48.88            61.56                   0   [0.1134, 0.0619, 0.0]       [6.55, 32.9]                 109.67   
cars                        41   [([5, 3, 2020], 46229), ([9, 3, 2020], 46229)]        163.68          61.59           0.76             2.66              ned                   0   [0.0, 0.0, 0.0]      [11.15, 60.1]                  43.41   
Roadcam                      9   [([5, 3, 2020], 46304), ([9, 3, 2020], 46304)]        136.22           17.0           0.79             8.01             6.11                   0   [0.0, 0.0, 0.0]     [10.67, 60.44]                  13.26   
NetflixBestOf                6   [([5, 3, 2020], 46308), ([9, 3, 2020], 46308)]         118.0         107.67           0.64              1.1              ned                   0   [0.0, 0.0, 0.0]      [10.0, 56.33]                  50.22   
keto                        50   [([5, 3, 2020], 46313), ([9, 3, 2020], 46313)]         44.68          13.38           0.73             3.34              ned                   0   [0.02, 0.06, 0.0]      [8.64, 45.38]                   4.42   
raspberry_pi                 6   [([5, 3, 2020], 46330), ([9, 3, 2020], 46330)]        275.83          17.83           0.84            15.47              ned                   0   [0.0, 0.0, 0.0]      [11.5, 65.83]                   6.22   
AskMen                      80   [([5, 3, 2020], 46332), ([9, 3, 2020], 46332)]        135.36          60.71           0.76             2.23             0.41                   0   [0.0, 0.0, 0.0]      [14.59, 77.6]                 113.42   
HumansBeingBros             23   [([5, 3, 2020], 46495), ([9, 3, 2020], 46495)]       4619.87          69.96           0.94            66.04              ned                   0   [0.0435, 0.0, 0.0]      [14.7, 80.57]                  233.2   
HistoryPorn                 11   [([5, 3, 2020], 46508), ([9, 3, 2020], 46508)]        409.09          13.91           0.88            29.41            15.18                   0   [0.0, 0.0, 0.0]     [24.0, 149.18]                  25.64   
MadeMeSmile                 80   [([5, 3, 2020], 46512), ([9, 3, 2020], 46512)]       2237.06          46.62           0.91            47.98              ned                   0   [0.05, 0.0375, 0.0]     [10.29, 52.36]                 112.91   
NintendoSwitch              51   [([5, 3, 2020], 46542), ([9, 3, 2020], 46542)]        244.22          29.82           0.53             8.19              ned                   0   [0.0, 0.0, 0.0]      [10.02, 58.9]                  30.31   
backpacking                 12   [([5, 3, 2020], 46566), ([9, 3, 2020], 46566)]        137.08          11.67           0.87            11.75              ned                   0   [0.0, 0.0, 0.0]      [13.5, 70.25]                  10.25   
OutOfTheLoop                15   [([5, 3, 2020], 46571), ([9, 3, 2020], 46571)]        249.73          25.07           0.66             9.96              ned                   0   [0.0, 0.0, 0.0]      [11.4, 65.33]                  56.22   
RealGirls                   94   [([5, 3, 2020], 46579), ([9, 3, 2020], 46579)]        448.21          17.41           0.97            25.74            20.46                   0   [0.0213, 0.0106, 0.0]      [8.47, 40.87]                   1.43   
rickandmorty                38   [([5, 3, 2020], 46612), ([9, 3, 2020], 46612)]        540.26           8.55           0.78            63.17              ned                   1   [0.0263, 0.0, 0.0]      [8.76, 45.66]                  11.19   
Cooking                     63   [([5, 3, 2020], 46625), ([9, 3, 2020], 46625)]         21.78          14.81           0.77             1.47              ned                   0   [0.0, 0.0, 0.0]       [9.76, 54.0]                   8.24   
streetwear                  67   [([5, 3, 2020], 46647), ([9, 3, 2020], 46647)]          56.1           4.42           0.82             12.7              ned                   0   [0.0, 0.0, 0.0]      [7.16, 42.24]                   2.04   
biology                     35   [([5, 3, 2020], 46667), ([9, 3, 2020], 46667)]         17.74           5.43           0.58             3.27              ned                   0   [0.0, 0.0, 0.0]      [10.14, 61.6]                   4.55   
IdiotsInCars                43   [([5, 3, 2020], 46677), ([9, 3, 2020], 46677)]       1776.42          92.07            0.9            19.29              ned                   0   [0.0465, 0.0233, 0.0233]      [8.51, 45.02]                 240.04   
insanepeoplefacebook             88   [([5, 3, 2020], 46702), ([9, 3, 2020], 46702)]        448.47          23.83           0.91            18.82              ned                   0   [0.0, 0.0, 0.0]       [9.68, 53.0]                  38.01   
MurderedByWords             14   [([5, 3, 2020], 46736), ([9, 3, 2020], 46736)]       9490.93         462.29           0.87            20.53              ned                   0   [0.0714, 0.0714, 0.0]      [7.64, 41.57]                  528.9   
frugalmalefashion             10   [([5, 3, 2020], 46780), ([9, 3, 2020], 46780)]          86.8           28.3           0.75             3.07              ned                   0   [0.0, 0.0, 0.0]       [10.9, 61.1]                   27.4   
DnD                         82   [([5, 3, 2020], 46784), ([9, 3, 2020], 46784)]        371.29          12.23           0.93            30.35              ned                  18   [0.0, 0.0122, 0.0]     [11.46, 64.57]                  10.54   
