youseeingthisshit              3   [([5, 3, 2020], 46836), ([9, 3, 2020], 46836)]         37.33           8.67           0.76             4.31              5.0                   0   [0.0, 0.0, 0.0]       [3.33, 16.0]                   4.22   
KidsAreFuckingStupid             24   [([5, 3, 2020], 46837), ([9, 3, 2020], 46837)]       2833.71          49.42           0.86            57.34              ned                   0   [0.0417, 0.0, 0.0]      [8.46, 43.75]                  93.65   
recipes                     21   [([5, 3, 2020], 46850), ([9, 3, 2020], 46850)]        121.76           4.95           0.85            24.59              ned                   0   [0.0, 0.0, 0.0]       [6.9, 43.52]                   3.24   
TrollYChromosome              7   [([5, 3, 2020], 46856), ([9, 3, 2020], 46856)]        352.86           3.14           0.91           112.27              ned                   0   [0.0, 0.0, 0.0]      [6.14, 30.57]                   1.48   
therewasanattempt             72   [([5, 3, 2020], 46858), ([9, 3, 2020], 46858)]       1165.76          21.72           0.76            53.67              ned                   0   [0.0, 0.0, 0.0]      [6.36, 32.36]                  54.45   
mac                         49   [([5, 3, 2020], 46885), ([9, 3, 2020], 46885)]         48.39            7.8           0.76             6.21              ned                   0   [0.0, 0.0, 0.0]      [9.84, 54.63]                   3.28   
nevertellmetheodds             11   [([5, 3, 2020], 46900), ([9, 3, 2020], 46900)]         495.0           6.45           0.82            76.69              ned                   0   [0.0, 0.0, 0.0]       [9.0, 44.55]                  14.15   
MovieDetails                18   [([5, 3, 2020], 46904), ([9, 3, 2020], 46904)]       2995.22           57.5           0.85            52.09             22.5                   0   [0.0, 0.1111, 0.0]    [30.11, 169.22]                 196.76   
WhitePeopleTwitter             88   [([5, 3, 2020], 46914), ([9, 3, 2020], 46914)]       2411.31          42.42           0.93            56.84              ned                   0   [0.0, 0.0227, 0.0]      [4.51, 23.98]                  76.34   
NoStupidQuestions             86   [([5, 3, 2020], 46950), ([9, 3, 2020], 46950)]        329.36          23.76           0.91            13.86              ned                   0   [0.0116, 0.0, 0.0]     [15.51, 81.87]                 113.16   
trees                       82   [([5, 3, 2020], 46980), ([9, 3, 2020], 46980)]        221.33          18.99           0.92            11.66              ned                   0   [0.0122, 0.0, 0.0]      [10.23, 53.0]                  26.59   
cursedcomments              92   [([5, 3, 2020], 47010), ([9, 3, 2020], 47010)]       2506.89           18.9           0.98           132.62             90.9                   0   [0.0, 0.0, 0.0]      [1.41, 14.45]                   48.9   
ArtisanVideos                3   [([5, 3, 2020], 47044), ([9, 3, 2020], 47044)]        159.33            7.0           0.82            22.76              ned                   0   [0.0, 0.0, 0.0]      [6.33, 44.33]                   7.56   
sex                         91   [([5, 3, 2020], 47045), ([9, 3, 2020], 47045)]         50.54          15.84           0.86             3.19              ned                   0   [0.011, 0.0, 0.0]     [10.64, 55.15]                  13.47   
Awwducational                9   [([5, 3, 2020], 47075), ([9, 3, 2020], 47075)]        549.11          12.56           0.91            43.73            21.11                   0   [0.0, 0.0, 0.0]    [43.67, 267.11]                  12.67   
battlestations              61   [([5, 3, 2020], 47078), ([9, 3, 2020], 47078)]        219.97          16.16           0.83            13.61              ned                   0   [0.0164, 0.0164, 0.0]      [9.05, 48.34]                   7.67   
electronicmusic             27   [([5, 3, 2020], 47098), ([9, 3, 2020], 47098)]         13.04           2.52           0.92             5.18              ned                   0   [0.0, 0.0, 0.0]      [8.89, 50.78]                   1.91   
Outdoors                    49   [([5, 3, 2020], 47106), ([9, 3, 2020], 47106)]         93.35           1.76            0.9            53.19              ned                   0   [0.0, 0.0, 0.0]      [9.16, 51.76]                   0.99   
socialskills                92   [([5, 3, 2020], 47118), ([9, 3, 2020], 47118)]         18.36           3.41            0.9             5.38              ned                   0   [0.0109, 0.0, 0.0]     [10.07, 51.91]                   2.53   
HistoryMemes                97   [([5, 3, 2020], 47142), ([9, 3, 2020], 47142)]       2774.32          39.62           0.97            70.03            76.37                   9   [0.0412, 0.0103, 0.0]      [5.38, 29.33]                  66.85   
horror                      73   [([5, 3, 2020], 47183), ([9, 3, 2020], 47183)]         51.08          15.81           0.74             3.23              ned                   0   [0.0274, 0.0, 0.0]     [10.07, 57.85]                   7.37   
whatisthisthing             90   [([5, 3, 2020], 47209), ([9, 3, 2020], 47209)]         100.0          14.93           0.85              6.7             1.06                   1   [0.0, 0.0, 0.0]     [15.73, 82.46]                  19.44   
StarWars                    76   [([5, 3, 2020], 47239), ([9, 3, 2020], 47239)]        552.49          25.92           0.85            21.31              ned                   0   [0.0, 0.0, 0.0]     [13.08, 69.86]                  27.83   
coolguides                  30   [([5, 3, 2020], 47271), ([9, 3, 2020], 47271)]        684.87           28.9           0.88             23.7              ned                   0   [0.1, 0.0, 0.0]        [6.9, 41.9]                  32.39   
natureismetal               25   [([5, 3, 2020], 47283), ([9, 3, 2020], 47283)]       1883.12          60.96           0.95            30.89             19.0                   0   [0.04, 0.0, 0.0]       [11.4, 62.0]                 162.48   
anime                       83   [([5, 3, 2020], 47299), ([9, 3, 2020], 47299)]        212.29          30.24           0.72             7.02              ned                   3   [0.012, 0.0241, 0.0]      [8.84, 52.23]                  45.95   
MealPrepSunday              96   [([5, 3, 2020], 47340), ([9, 3, 2020], 47340)]        105.54           4.12           0.93            25.59              ned                   0   [0.0, 0.0104, 0.0]     [13.89, 80.79]                   3.42   
nsfw                        48   [([5, 3, 2020], 47369), ([9, 3, 2020], 47369)]        437.29           5.21           0.94            83.96            80.81                   0   [0.0, 0.0, 0.0]      [2.65, 16.04]                   2.49   
NSFW_GIF                    25   [([5, 3, 2020], 47384), ([9, 3, 2020], 47384)]        623.32           9.12           0.94            68.35            53.08                   0   [0.0, 0.0, 0.0]      [3.64, 19.24]                   9.23   
holdthemoan                  2   [([5, 3, 2020], 47393), ([9, 3, 2020], 47393)]         312.0           12.0           0.98             26.0             33.5                   0   [0.0, 0.0, 0.0]        [6.5, 37.5]                   1.67   
BustyPetite                 25   [([5, 3, 2020], 47394), ([9, 3, 2020], 47394)]        342.28           4.96           0.92            69.01              ned                   0   [0.0, 0.0, 0.0]      [4.52, 23.92]                   0.88   
cumsluts                    85   [([5, 3, 2020], 47403), ([9, 3, 2020], 47403)]        177.06           3.46           0.96            51.19              ned                   0   [0.0, 0.0, 0.0]      [5.07, 26.62]                   1.51   
PetiteGoneWild              84   [([5, 3, 2020], 47430), ([9, 3, 2020], 47430)]        331.44          11.54           0.97            28.73            23.71                   0   [0.0119, 0.0357, 0.0]      [8.25, 39.99]                   1.61   
adorableporn                55   [([5, 3, 2020], 47459), ([9, 3, 2020], 47459)]        177.62            5.0           0.91            35.52              ned                   0   [0.0, 0.0, 0.0]      [5.16, 26.25]                   0.92   
nsfw_gifs                   22   [([5, 3, 2020], 47477), ([9, 3, 2020], 47477)]         164.0           3.32           0.89            49.42              ned                   0   [0.0909, 0.0, 0.0]      [7.27, 38.82]                   2.26   
AsiansGoneWild              89   [([5, 3, 2020], 47485), ([9, 3, 2020], 47485)]        278.52          11.15           0.97            24.99            19.64                   0   [0.0, 0.0562, 0.0]       [7.4, 36.11]                   1.95   
GirlsFinishingTheJob             28   [([5, 3, 2020], 47515), ([9, 3, 2020], 47515)]         151.0           3.39           0.92            44.51              ned                   0   [0.0, 0.0, 0.0]      [6.93, 36.64]                   3.78   
collegesluts                86   [([5, 3, 2020], 47523), ([9, 3, 2020], 47523)]        137.92            5.3           0.94            26.01              ned                   0   [0.0116, 0.0, 0.0]      [6.87, 34.99]                   1.22   
hentai                      99   [([5, 3, 2020], 47549), ([9, 3, 2020], 47549)]        959.46           7.62           0.98           125.98           195.89                   0   [0.0, 0.0, 0.0]      [4.85, 24.77]                   9.68   
TittyDrop                   35   [([5, 3, 2020], 47582), ([9, 3, 2020], 47582)]        333.89           6.77           0.93            49.31              ned                   0   [0.0571, 0.0, 0.0]      [7.49, 38.23]                   1.93   
porninfifteenseconds              3   [([5, 3, 2020], 47594), ([9, 3, 2020], 47594)]        1020.0          12.67           0.89            80.53            51.33                   0   [0.0, 0.0, 0.0]      [7.67, 40.67]                   16.0   
porn                        89   [([5, 3, 2020], 47595), ([9, 3, 2020], 47595)]        102.42           2.88           0.95            35.61            31.81                   0   [0.0, 0.0, 0.0]      [6.63, 47.45]                    0.6   
ass                         72   [([5, 3, 2020], 47630), ([9, 3, 2020], 47630)]        128.03           2.53           0.89            50.65              ned                   0   [0.0, 0.0, 0.0]      [3.67, 18.33]                   0.66   
pawg                        43   [([5, 3, 2020], 47651), ([9, 3, 2020], 47651)]        163.67           4.47           0.93            36.66              ned                   0   [0.0, 0.0, 0.0]      [3.02, 15.53]                   2.07   
milf                        41   [([5, 3, 2020], 47666), ([9, 3, 2020], 47666)]        243.93          18.66           0.94            13.07            11.95                   0   [0.0244, 0.0, 0.0]      [8.68, 44.76]                   1.32   
NSFWFunny                    6   [([5, 3, 2020], 47680), ([9, 3, 2020], 47680)]         362.0           7.33           0.89            49.36              ned                   0   [0.0, 0.0, 0.0]       [4.33, 24.0]                  21.55   
OnOff                       23   [([5, 3, 2020], 47682), ([9, 3, 2020], 47682)]        289.35           6.35           0.94            45.58              ned                   0   [0.0, 0.0, 0.0]       [4.96, 24.3]                   0.93   
