08_03_2020_14     num_of_posts                                         datetime   avg_upvotes   avg_comments   avg_ud_ratio   avg_uc_ratio_1   avg_uc_ratio_2   num_of_oc_content        avg_awards   avg_title_length   avg_u_top10_comments   
Europe                      78   [([4, 3, 2020], 22714), ([8, 3, 2020], 22714)]        310.15          31.63           0.85             9.81              ned                   1   [0.0, 0.0, 0.0]     [10.63, 67.31]                  27.44   
Austria                     22   [([4, 3, 2020], 22778), ([8, 3, 2020], 22778)]         31.95          17.32           0.81             1.85              ned                   0   [0.0, 0.0, 0.0]      [8.86, 64.91]                   9.35   
Albania                      8   [([4, 3, 2020], 22785), ([8, 3, 2020], 22785)]         43.75          12.38           0.86             3.54              4.0                   0   [0.25, 0.0, 0.0]       [5.5, 33.75]                   5.79   
Belgium                     15   [([4, 3, 2020], 22788), ([8, 3, 2020], 22788)]          31.0           11.4            0.7             2.72              ned                   0   [0.0, 0.0, 0.0]      [8.47, 52.47]                   5.89   
slovenia                     6   [([4, 3, 2020], 22793), ([8, 3, 2020], 22793)]         40.33           3.67           0.79             11.0            15.67                   0   [0.0, 0.0, 0.0]       [4.83, 29.0]                   5.22   
Bosnia                       1   [([4, 3, 2020], 22795), ([8, 3, 2020], 22795)]          12.0           11.0            1.0             1.09              1.0                   0   [0.0, 0.0, 0.0]       [14.0, 83.0]                   3.33   
Croatia                     34   [([4, 3, 2020], 22796), ([8, 3, 2020], 22796)]         83.62          17.35           0.75             4.82              ned                   0   [0.0, 0.0, 0.0]      [7.88, 51.88]                  17.26   
France                      63   [([4, 3, 2020], 22807), ([8, 3, 2020], 22807)]         56.08          22.46           0.68              2.5              ned                   0   [0.0, 0.0, 0.0]     [11.16, 67.21]                   16.9   
Germany                     24   [([4, 3, 2020], 22832), ([8, 3, 2020], 22832)]         34.42          17.92           0.48             1.92              ned                   0   [0.0, 0.0, 0.0]      [8.08, 47.79]                  11.82   
Ireland                     77   [([4, 3, 2020], 22841), ([8, 3, 2020], 22841)]         96.38          27.84           0.73             3.46              ned                   0   [0.0, 0.0, 0.0]     [10.44, 59.77]                  16.18   
thenetherlands               7   [([4, 3, 2020], 22871), ([8, 3, 2020], 22871)]        190.43          31.43           0.88             6.06             7.71                   0   [0.0, 0.0, 0.0]       [8.0, 50.29]                   8.86   
unitedkingdom               28   [([4, 3, 2020], 22874), ([8, 3, 2020], 22874)]        134.75          43.82           0.77             3.07             4.96                   0   [0.0, 0.0, 0.0]     [12.39, 76.04]                  30.12   
Switzerland                  3   [([4, 3, 2020], 22889), ([8, 3, 2020], 22889)]          28.0          27.33           0.82             1.02             0.67                   0   [0.0, 0.0, 0.0]      [6.33, 40.67]                   1.33   
Slovakia                     3   [([4, 3, 2020], 22891), ([8, 3, 2020], 22891)]          80.0            4.0            0.8             20.0              ned                   0   [0.0, 0.0, 0.0]        [4.0, 22.0]                   4.56   
Russia                      17   [([4, 3, 2020], 22892), ([8, 3, 2020], 22892)]         65.65           6.18           0.85            10.63              ned                   0   [0.0, 0.0, 0.0]      [7.94, 48.18]                   2.24   
NYC                         34   [([4, 3, 2020], 22897), ([8, 3, 2020], 22897)]        108.59          31.38           0.65             3.46              ned                   0   [0.0294, 0.0294, 0.0]      [11.0, 63.38]                   39.6   
Seattle                     52   [([4, 3, 2020], 22911), ([8, 3, 2020], 22911)]         77.75          13.46           0.75             5.78              ned                   0   [0.0, 0.0, 0.0]     [10.67, 63.92]                    8.2   
Chicago                     40   [([4, 3, 2020], 22936), ([8, 3, 2020], 22936)]        107.12          24.07           0.72             4.45              ned                   0   [0.025, 0.0, 0.0]        [8.6, 51.1]                  13.02   
Toronto                     17   [([4, 3, 2020], 22952), ([8, 3, 2020], 22952)]        148.76          42.47           0.74              3.5              ned                   0   [0.0588, 0.0, 0.0]      [7.24, 45.47]                  32.77   
LosAngeles                  21   [([4, 3, 2020], 22960), ([8, 3, 2020], 22960)]        195.81          23.19           0.83             8.44              ned                   0   [0.0, 0.0, 0.0]      [10.33, 61.0]                  19.94   
Portland                    76   [([4, 3, 2020], 22968), ([8, 3, 2020], 22968)]         66.08          17.03            0.7             3.88              ned                   0   [0.0, 0.0, 0.0]     [10.28, 60.13]                  11.82   
Boston                      27   [([4, 3, 2020], 22995), ([8, 3, 2020], 22995)]         52.44          14.96           0.64              3.5             4.96                   0   [0.0, 0.0, 0.0]     [10.11, 56.11]                  13.98   
Austin                      45   [([4, 3, 2020], 23003), ([8, 3, 2020], 23003)]         80.56          16.33           0.68             4.93              ned                   0   [0.0222, 0.0, 0.0]     [10.38, 59.22]                  13.35   
SanFrancisco                25   [([4, 3, 2020], 23018), ([8, 3, 2020], 23018)]         93.36           18.6           0.78             5.02              ned                   0   [0.0, 0.0, 0.0]     [10.52, 61.36]                  12.41   
Vancouver                   62   [([4, 3, 2020], 23026), ([8, 3, 2020], 23026)]         54.27          25.81           0.63              2.1              ned                   0   [0.0, 0.0, 0.0]      [11.53, 67.9]                  17.47   
WashingtonDC                37   [([4, 3, 2020], 23050), ([8, 3, 2020], 23050)]         46.51           6.89           0.67             6.75              ned                   0   [0.0, 0.0, 0.0]     [12.14, 68.46]                   6.47   
Houston                     28   [([4, 3, 2020], 23061), ([8, 3, 2020], 23061)]         65.29           24.5           0.63             2.66             2.79                   0   [0.0, 0.0, 0.0]       [9.07, 52.5]                  20.07   
Atlanta                     25   [([4, 3, 2020], 23072), ([8, 3, 2020], 23072)]          30.2           5.08           0.64             5.94             5.08                   0   [0.0, 0.0, 0.0]      [7.48, 45.04]                   3.92   
Philadelphia                22   [([4, 3, 2020], 23079), ([8, 3, 2020], 23079)]         93.68          19.05            0.7             4.92             8.41                   0   [0.0, 0.0, 0.0]      [7.73, 47.18]                  20.32   
Denver                      27   [([4, 3, 2020], 23086), ([8, 3, 2020], 23086)]         66.07          11.41           0.69             5.79              ned                   0   [0.037, 0.0, 0.0]      [10.56, 64.3]                   8.48   
Melbourne                   26   [([4, 3, 2020], 23095), ([8, 3, 2020], 23095)]         129.0          28.42           0.76             4.54             8.58                   0   [0.0, 0.0, 0.0]     [11.19, 67.46]                   19.6   
SanDiego                    40   [([4, 3, 2020], 23106), ([8, 3, 2020], 23106)]          50.6           16.6           0.69             3.05              ned                   1   [0.0, 0.0, 0.0]       [8.3, 45.67]                  13.12   
Dallas                      14   [([4, 3, 2020], 23119), ([8, 3, 2020], 23119)]         56.43          14.71           0.76             3.83              ned                   0   [0.0, 0.0, 0.0]     [10.79, 59.79]                    7.9   
Montreal                     5   [([4, 3, 2020], 23124), ([8, 3, 2020], 23124)]          71.0           48.2           0.75             1.47              ned                   0   [0.0, 0.0, 0.0]        [7.4, 46.4]                   10.8   
Sydney                      24   [([4, 3, 2020], 23126), ([8, 3, 2020], 23126)]         52.62          31.25           0.69             1.68             3.12                   0   [0.0, 0.0, 0.0]      [9.79, 55.71]                  22.86   
Pittsburgh                  21   [([4, 3, 2020], 23137), ([8, 3, 2020], 23137)]         59.86           9.62           0.67             6.22              ned                   0   [0.0, 0.0, 0.0]     [12.86, 72.81]                   6.32   
Calgary                     53   [([4, 3, 2020], 23145), ([8, 3, 2020], 23145)]         35.66          19.83           0.64              1.8              ned                   0   [0.0189, 0.0, 0.0]     [10.15, 58.92]                   12.1   
Baltimore                   10   [([4, 3, 2020], 23164), ([8, 3, 2020], 23164)]          30.7            9.1           0.81             3.37              2.1                   0   [0.0, 0.0, 0.0]       [13.3, 74.9]                   6.63   
StLouis                     27   [([4, 3, 2020], 23167), ([8, 3, 2020], 23167)]         39.11           22.7           0.72             1.72             2.63                   0   [0.0, 0.0, 0.0]     [10.37, 55.96]                   0.89   
funny                       90   [([4, 3, 2020], 23177), ([8, 3, 2020], 23177)]       3838.71          67.09            0.9            57.22            35.52                   0   [0.1556, 0.0, 0.0]      [5.69, 30.56]                 188.92   
AskReddit                   96   [([4, 3, 2020], 23220), ([8, 3, 2020], 23220)]       1644.53         454.23           0.86             3.62              ned                   0   [0.0521, 0.0208, 0.0]     [12.69, 68.47]                 906.99   
gaming                      87   [([4, 3, 2020], 23339), ([8, 3, 2020], 23339)]       2077.74          58.85           0.88            35.31              ned                   0   [0.0575, 0.069, 0.0115]      [7.99, 44.18]                 134.14   
pics                        88   [([4, 3, 2020], 23378), ([8, 3, 2020], 23378)]       2429.23          39.73            0.9            61.15              ned                   0   [0.0227, 0.0341, 0.0114]      [8.49, 48.59]                  53.06   
aww                         99   [([4, 3, 2020], 23416), ([8, 3, 2020], 23416)]        8738.7          88.66           0.98            98.57            112.7                   0   [0.2222, 0.0707, 0.0]      [9.07, 47.03]                 295.98   
science                     16   [([4, 3, 2020], 23479), ([8, 3, 2020], 23479)]       1417.44          41.12           0.82            34.47            13.12                   0   [0.0, 0.0, 0.0]    [25.31, 162.88]                  50.65   
worldnews                   97   [([4, 3, 2020], 23494), ([8, 3, 2020], 23494)]       2555.88         188.92           0.86            13.53              ned                   0   [0.0103, 0.0412, 0.0206]     [15.02, 97.37]                  335.6   
Music                       87   [([4, 3, 2020], 23566), ([8, 3, 2020], 23566)]        103.43           6.02           0.85            17.17              ned                   0   [0.0, 0.0, 0.0]       [8.7, 50.21]                   6.67   
movies                      83   [([4, 3, 2020], 23590), ([8, 3, 2020], 23590)]        565.81          53.42           0.66            10.59              ned                   0   [0.0602, 0.0241, 0.0]     [10.63, 63.77]                  129.1   
videos                      90   [([4, 3, 2020], 23633), ([8, 3, 2020], 23633)]        400.03          30.49           0.74            13.12              ned                   0   [0.0444, 0.0556, 0.0111]      [9.44, 54.21]                  49.68   
todayilearned               94   [([4, 3, 2020], 23669), ([8, 3, 2020], 23669)]       2271.11         113.89           0.87            19.94              ned                   0   [0.0319, 0.0106, 0.0]    [31.81, 187.77]                 241.73   
news                        23   [([4, 3, 2020], 23788), ([8, 3, 2020], 23788)]       1916.09         164.74            0.9            11.63              ned                   0   [0.0, 0.0435, 0.0]     [10.91, 68.52]                 360.49   
IAmA                         3   [([4, 3, 2020], 23812), ([8, 3, 2020], 23812)]       9120.33         666.33           0.78            13.69             6.33                   0   [0.3333, 1.6667, 0.3333]    [30.33, 182.67]                 249.34   
gifs                        55   [([4, 3, 2020], 23817), ([8, 3, 2020], 23817)]       4456.44          62.53           0.79            71.27              ned                   2   [0.1091, 0.0545, 0.0]     [10.62, 61.33]                 214.01   
Showerthoughts              98   [([4, 3, 2020], 23848), ([8, 3, 2020], 23848)]       1847.93           53.6           0.91            34.47              ned                   0   [0.0, 0.0, 0.0]     [16.42, 90.37]                 190.75   
EarthPorn                   76   [([4, 3, 2020], 23891), ([8, 3, 2020], 23891)]       1046.43          11.36           0.93            92.15              ned                  74   [0.0526, 0.0132, 0.0132]     [11.21, 69.51]                  11.25   
askscience                  10   [([4, 3, 2020], 23913), ([8, 3, 2020], 23913)]         870.5           92.7           0.78             9.39              2.7                   0   [0.1, 0.0, 0.0]        [9.3, 52.1]                 326.54   
Jokes                       96   [([4, 3, 2020], 23918), ([8, 3, 2020], 23918)]        433.64          11.45           0.85            37.88              ned                   0   [0.0104, 0.0208, 0.0]       [8.82, 44.9]                  59.84   
food                        97   [([4, 3, 2020], 23944), ([8, 3, 2020], 23944)]        216.64          10.12           0.94             21.4              ned                   0   [0.0, 0.0, 0.0]      [6.75, 45.25]                   4.88   
explainlikeimfive             46   [([4, 3, 2020], 23970), ([8, 3, 2020], 23970)]          8.57           7.13           0.65              1.2              ned                   0   [0.0, 0.0, 0.0]     [12.59, 71.09]                    0.7   
books                       23   [([4, 3, 2020], 23983), ([8, 3, 2020], 23983)]        388.52          62.87           0.75             6.18              ned                   0   [0.0, 0.0, 0.0]      [8.96, 51.78]                   69.9   
blog                         1   [([4, 3, 2020], 23995), ([8, 3, 2020], 23995)]       22657.0         2535.0           0.86             8.94              9.0                   0   [7.0, 2.0, 2.0]        [3.0, 14.0]                1983.67   
LifeProTips                 76   [([4, 3, 2020], 23999), ([8, 3, 2020], 23999)]        180.91          18.37           0.67             9.85             3.97                   0   [0.0132, 0.0132, 0.0]     [25.68, 140.5]                   25.8   
mildlyinteresting             95   [([4, 3, 2020], 24024), ([8, 3, 2020], 24024)]       2558.17          40.97           0.91            62.44              ned                  95   [0.0421, 0.0316, 0.0]      [10.84, 58.0]                 138.09   
Art                         95   [([4, 3, 2020], 24064), ([8, 3, 2020], 24064)]        878.87          14.12           0.93            62.26              ned                   0   [0.0526, 0.0421, 0.0]       [6.2, 37.79]                   10.9   
DIY                         24   [([4, 3, 2020], 24092), ([8, 3, 2020], 24092)]        141.83          16.54           0.68             8.57             2.46                   0   [0.0417, 0.0833, 0.0417]      [8.21, 46.75]                   7.15   
sports                       9   [([4, 3, 2020], 24100), ([8, 3, 2020], 24100)]       1934.78          33.56            0.8            57.66              ned                   0   [0.0, 0.0, 0.0]     [15.33, 98.56]                 132.22   
nottheonion                 13   [([4, 3, 2020], 24104), ([8, 3, 2020], 24104)]        343.31          10.92           0.82            31.43              ned                   0   [0.0, 0.0, 0.0]     [11.85, 74.31]                  36.44   
gadgets                      4   [([4, 3, 2020], 24108), ([8, 3, 2020], 24108)]        1411.0          63.25           0.54            22.31              ned                   0   [0.0, 0.0, 0.0]      [6.75, 47.25]                 128.92   
television                  47   [([4, 3, 2020], 24111), ([8, 3, 2020], 24111)]       1088.06          85.98           0.61            12.66              ned                   0   [0.0213, 0.0426, 0.0]      [10.4, 62.15]                 133.72   
Documentaries               18   [([4, 3, 2020], 24134), ([8, 3, 2020], 24134)]        745.28          84.72           0.61              8.8              ned                   0   [0.0, 0.1111, 0.0]    [22.17, 127.89]                 122.98   
photoshopbattles             28   [([4, 3, 2020], 24142), ([8, 3, 2020], 24142)]        856.18          11.29           0.88            75.86             8.93                   0   [0.0, 0.0, 0.0]      [5.54, 34.11]                  18.39   
listentothis                86   [([4, 3, 2020], 24151), ([8, 3, 2020], 24151)]         19.37           1.21           0.88            16.02              ned                   1   [0.0, 0.0, 0.0]      [7.95, 48.37]                    1.1   
UpliftingNews               13   [([4, 3, 2020], 24171), ([8, 3, 2020], 24171)]         168.0           6.62           0.93             25.4              ned                   0   [0.0, 0.0, 0.0]     [14.69, 93.31]                   6.46   
tifu                        65   [([4, 3, 2020], 24175), ([8, 3, 2020], 24175)]        659.83          27.28           0.76            24.19              ned                   0   [0.0308, 0.0, 0.0]      [9.49, 48.97]                 199.53   
InternetIsBeautiful              1   [([4, 3, 2020], 24196), ([8, 3, 2020], 24196)]        3242.0           80.0           0.95            40.52             41.0                   0   [1.0, 0.0, 0.0]      [25.0, 116.0]                  46.67   
history                     16   [([4, 3, 2020], 24197), ([8, 3, 2020], 24197)]         89.06           11.0            0.7              8.1             3.44                   0   [0.0, 0.0, 0.0]     [13.38, 81.31]                   9.35   
philosophy                   4   [([4, 3, 2020], 24202), ([8, 3, 2020], 24202)]         191.0          10.75           0.69            17.77              ned                   0   [0.0, 0.0, 0.0]      [17.0, 108.5]                    6.0   
Futurology                  29   [([4, 3, 2020], 24203), ([8, 3, 2020], 24203)]        104.03          12.83           0.78             8.11              ned                   0   [0.0, 0.0, 0.0]    [17.66, 111.28]                  11.16   
OldSchoolCool               95   [([4, 3, 2020], 24212), ([8, 3, 2020], 24212)]        937.47          24.23           0.92            38.69              ned                   0   [0.0105, 0.0, 0.0]     [11.28, 62.24]                  32.15   
WritingPrompts              99   [([4, 3, 2020], 24246), ([8, 3, 2020], 24246)]         122.7           5.25           0.88            23.36            12.14                   0   [0.0, 0.0, 0.0]     [34.87, 192.1]                  14.15   
dataisbeautiful             15   [([4, 3, 2020], 24273), ([8, 3, 2020], 24273)]        167.27          24.13           0.82             6.93             4.13                   0   [0.0, 0.0, 0.0]       [15.6, 95.0]                  34.58   
personalfinance             94   [([4, 3, 2020], 24278), ([8, 3, 2020], 24278)]         17.02          14.07           0.83             1.21              ned                   0   [0.0, 0.0, 0.0]      [9.36, 50.77]                  16.18   
nosleep                     45   [([4, 3, 2020], 24324), ([8, 3, 2020], 24324)]         93.36           5.24           0.86             17.8              ned                   0   [0.0, 0.0, 0.0]      [8.29, 41.24]                   7.14   
creepy                       8   [([4, 3, 2020], 24336), ([8, 3, 2020], 24336)]       1889.62          62.38           0.97            30.29            24.38                   0   [0.0, 0.0, 0.0]       [5.0, 29.75]                  117.5   
TwoXChromosomes             64   [([4, 3, 2020], 24341), ([8, 3, 2020], 24341)]        438.64          22.22           0.76            19.74              ned                   0   [0.0, 0.0156, 0.0]     [10.88, 59.88]                  66.84   
technology                  20   [([4, 3, 2020], 24378), ([8, 3, 2020], 24378)]         158.5          21.85           0.64             7.25              ned                   0   [0.0, 0.0, 0.0]      [12.2, 73.75]                  18.45   
memes                       99   [([4, 3, 2020], 24385), ([8, 3, 2020], 24385)]       23852.3         127.38           0.96           187.25           233.02                   0   [0.1919, 0.0101, 0.0101]      [4.42, 22.93]                 212.67   
AdviceAnimals               41   [([4, 3, 2020], 24520), ([8, 3, 2020], 24520)]        824.37          33.02           0.72            24.96              ned                   0   [0.0, 0.0244, 0.0]       [8.83, 47.1]                  23.85   
