trees                       94   [([8, 3, 2020], 50404), ([12, 3, 2020], 50404)]        336.35          14.05           0.95            23.93              ned                   0   [0.0106, 0.0, 0.0106]     [10.19, 52.96]                  14.69   
cursedcomments              96   [([8, 3, 2020], 50435), ([12, 3, 2020], 50435)]       1999.76          17.65           0.98           113.33            70.65                   0   [0.0104, 0.0, 0.0]      [1.44, 14.68]                  22.94   
ArtisanVideos                5   [([8, 3, 2020], 50468), ([12, 3, 2020], 50468)]          24.6            1.4           0.69            17.57              ned                   0   [0.0, 0.0, 0.0]        [6.2, 44.4]                   0.73   
sex                         90   [([8, 3, 2020], 50469), ([12, 3, 2020], 50469)]         46.79          16.36           0.88             2.86             1.52                   0   [0.0, 0.0222, 0.0]      [9.77, 51.77]                  17.92   
Awwducational                7   [([8, 3, 2020], 50498), ([12, 3, 2020], 50498)]        803.86          19.57           0.95            41.07             22.0                   0   [0.0, 0.0, 0.0]    [41.14, 247.57]                  15.67   
battlestations              78   [([8, 3, 2020], 50501), ([12, 3, 2020], 50501)]        183.97          15.45           0.88            11.91              ned                   0   [0.0, 0.0, 0.0]      [9.19, 49.27]                   6.86   
electronicmusic             21   [([8, 3, 2020], 50526), ([12, 3, 2020], 50526)]          20.9           2.62           0.94             7.98              ned                   0   [0.0, 0.0, 0.0]      [7.76, 47.57]                   2.71   
Outdoors                    29   [([8, 3, 2020], 50532), ([12, 3, 2020], 50532)]        176.76           3.41           0.85            51.78              ned                   0   [0.0, 0.0, 0.0]      [6.31, 38.45]                   1.51   
socialskills                87   [([8, 3, 2020], 50540), ([12, 3, 2020], 50540)]         34.17           5.52           0.93             6.19              ned                   0   [0.0, 0.0, 0.0]      [10.74, 56.8]                   9.97   
HistoryMemes                98   [([8, 3, 2020], 50562), ([12, 3, 2020], 50562)]       2639.72          30.66           0.97            86.09              ned                   1   [0.0306, 0.0, 0.0]      [5.05, 27.73]                  62.74   
horror                      44   [([8, 3, 2020], 50602), ([12, 3, 2020], 50602)]         39.93          18.89           0.75             2.11              ned                   0   [0.0, 0.0, 0.0]     [12.36, 69.36]                   7.11   
whatisthisthing             73   [([8, 3, 2020], 50617), ([12, 3, 2020], 50617)]        196.21          16.36            0.8             12.0              ned                   0   [0.0, 0.0, 0.0]      [17.26, 89.6]                  25.57   
StarWars                    82   [([8, 3, 2020], 50640), ([12, 3, 2020], 50640)]        585.76           22.1           0.88            26.51              ned                   0   [0.061, 0.0122, 0.0]     [10.41, 56.65]                  28.53   
coolguides                  25   [([8, 3, 2020], 50672), ([12, 3, 2020], 50672)]       2679.28          57.96            0.9            46.23              ned                   0   [0.0, 0.04, 0.0]      [7.52, 43.96]                 113.37   
natureismetal               20   [([8, 3, 2020], 50685), ([12, 3, 2020], 50685)]       1912.85          28.45           0.94            67.24              ned                   0   [0.0, 0.05, 0.0]     [10.45, 58.35]                  79.83   
anime                       82   [([8, 3, 2020], 50693), ([12, 3, 2020], 50693)]        108.01          16.76           0.71             6.45              ned                   2   [0.0122, 0.0, 0.0]      [8.96, 52.88]                   7.28   
MealPrepSunday              15   [([8, 3, 2020], 50722), ([12, 3, 2020], 50722)]        169.33           5.13           0.88            32.99              ned                   0   [0.0, 0.0, 0.0]     [13.87, 80.27]                   3.75   
nsfw                        51   [([8, 3, 2020], 50726), ([12, 3, 2020], 50726)]        551.33           5.86           0.96            94.04            94.29                   0   [0.0, 0.0, 0.0]      [2.45, 13.86]                   8.07   
NSFW_GIF                    18   [([8, 3, 2020], 50742), ([12, 3, 2020], 50742)]        434.56           3.89           0.92           111.74            76.83                   0   [0.0, 0.0, 0.0]      [5.17, 26.39]                    3.5   
holdthemoan                  4   [([8, 3, 2020], 50747), ([12, 3, 2020], 50747)]       1131.75          12.75           0.97            88.76            46.25                   0   [0.0, 0.25, 0.0]      [8.75, 44.75]                    1.0   
BustyPetite                 31   [([8, 3, 2020], 50748), ([12, 3, 2020], 50748)]        549.77           7.23           0.94            76.08              ned                   0   [0.0, 0.0, 0.0]       [5.42, 27.0]                    1.4   
cumsluts                    85   [([8, 3, 2020], 50759), ([12, 3, 2020], 50759)]        161.84           2.74           0.92            59.04              ned                   0   [0.0118, 0.0, 0.0118]       [5.8, 29.88]                   1.45   
PetiteGoneWild              94   [([8, 3, 2020], 50784), ([12, 3, 2020], 50784)]        307.33           10.2           0.97            30.12              ned                   0   [0.0, 0.0, 0.0]      [8.24, 40.09]                    1.7   
adorableporn                52   [([8, 3, 2020], 50813), ([12, 3, 2020], 50813)]        216.33           5.37           0.91            40.32              ned                   0   [0.0, 0.0385, 0.0]      [6.63, 33.54]                   0.66   
nsfw_gifs                   27   [([8, 3, 2020], 50830), ([12, 3, 2020], 50830)]        161.26           3.19           0.85            50.63              ned                   0   [0.037, 0.0, 0.0]       [6.59, 34.7]                   2.36   
AsiansGoneWild              97   [([8, 3, 2020], 50838), ([12, 3, 2020], 50838)]         308.3          13.62           0.98            22.64            19.32                   0   [0.0206, 0.0309, 0.0515]      [8.08, 39.71]                   1.69   
GirlsFinishingTheJob             27   [([8, 3, 2020], 50871), ([12, 3, 2020], 50871)]        232.48           5.81           0.89            39.98              ned                   0   [0.0, 0.0, 0.0]      [5.37, 28.44]                   5.85   
collegesluts                96   [([8, 3, 2020], 50879), ([12, 3, 2020], 50879)]        162.29           5.41           0.95            30.02              ned                   0   [0.0, 0.0, 0.0]      [7.04, 34.21]                   1.66   
hentai                      99   [([8, 3, 2020], 50908), ([12, 3, 2020], 50908)]       1068.29           8.19           0.98           130.41           204.48                   0   [0.0, 0.0101, 0.0]      [4.19, 22.07]                   5.76   
TittyDrop                   47   [([8, 3, 2020], 50936), ([12, 3, 2020], 50936)]        229.47           6.53           0.92            35.13              ned                   0   [0.0, 0.0, 0.0]      [6.81, 35.19]                   1.54   
porninfifteenseconds             12   [([8, 3, 2020], 50952), ([12, 3, 2020], 50952)]        289.17           2.83           0.92           102.06              ned                   0   [0.0, 0.0, 0.0]      [8.67, 46.17]                   1.61   
porn                        89   [([8, 3, 2020], 50956), ([12, 3, 2020], 50956)]        120.89           2.97           0.92            40.75              ned                   0   [0.0, 0.0, 0.0]      [7.01, 49.04]                   0.66   
ass                         69   [([8, 3, 2020], 50986), ([12, 3, 2020], 50986)]          75.1           2.06           0.88            36.49              ned                   0   [0.0145, 0.0145, 0.0]      [4.55, 23.64]                   0.29   
pawg                        17   [([8, 3, 2020], 51006), ([12, 3, 2020], 51006)]        648.47           7.41           0.96            87.49              ned                   0   [0.0588, 0.0588, 0.0588]      [4.18, 19.41]                   5.41   
milf                        34   [([8, 3, 2020], 51011), ([12, 3, 2020], 51011)]        269.38          18.68           0.95            14.42            13.68                   0   [0.0, 0.0294, 0.0]      [7.44, 39.62]                   1.47   
NSFWFunny                   17   [([8, 3, 2020], 51023), ([12, 3, 2020], 51023)]        387.53          14.41           0.85            26.89            31.59                   0   [0.0, 0.0, 0.0]      [4.47, 22.06]                   29.9   
OnOff                       28   [([8, 3, 2020], 51029), ([12, 3, 2020], 51029)]        235.18            7.5           0.92            31.36              ned                   0   [0.0357, 0.0357, 0.0]      [6.46, 33.93]                   1.05   
