AdviceAnimals               71   [([8, 3, 2020], 46851), ([12, 3, 2020], 46851)]        306.41          10.11           0.73             30.3              ned                   0   [0.0, 0.0, 0.0]      [6.79, 37.01]                   8.25   
Fitness                      3   [([8, 3, 2020], 46871), ([12, 3, 2020], 46871)]         19.33         152.33           0.68             0.13              ned                   0   [0.0, 0.0, 0.0]       [6.67, 34.0]                   5.11   
wholesomememes              81   [([8, 3, 2020], 46875), ([12, 3, 2020], 46875)]       2373.57          18.02           0.97           131.68              ned                   0   [0.0617, 0.0123, 0.0]      [4.96, 25.63]                  22.86   
WTF                         12   [([8, 3, 2020], 46904), ([12, 3, 2020], 46904)]       5734.58          181.0           0.82            31.68              ned                   0   [0.25, 0.0, 0.0]       [8.83, 48.0]                 407.69   
politics                    96   [([8, 3, 2020], 46916), ([12, 3, 2020], 46916)]       6464.24         600.17           0.95            10.77            17.93                   0   [0.1667, 0.0938, 0.0104]     [14.26, 91.82]                 450.12   
bestof                       9   [([8, 3, 2020], 47063), ([12, 3, 2020], 47063)]        1298.0         159.33           0.75             8.15              ned                   0   [0.0, 0.0, 0.0]    [16.44, 105.11]                 183.56   
interestingasfuck             95   [([8, 3, 2020], 47069), ([12, 3, 2020], 47069)]       3447.48           69.6           0.94            49.53             27.8                   0   [0.0421, 0.0, 0.0]     [13.71, 79.53]                  137.6   
BlackPeopleTwitter             71   [([8, 3, 2020], 47122), ([12, 3, 2020], 47122)]        3980.3          76.41           0.96            52.09            42.68                   0   [0.0563, 0.0141, 0.0]      [6.86, 35.66]                 182.53   
oddlysatisfying             94   [([8, 3, 2020], 47214), ([12, 3, 2020], 47214)]       1139.78          16.62           0.92            68.59              ned                   3   [0.0213, 0.0, 0.0]       [7.5, 41.46]                  25.34   
travel                      29   [([8, 3, 2020], 47251), ([12, 3, 2020], 47251)]         45.76          20.31           0.69             2.25              ned                   0   [0.0, 0.0, 0.0]      [12.0, 74.31]                    3.1   
leagueoflegends             82   [([8, 3, 2020], 47261), ([12, 3, 2020], 47261)]        590.52          86.94            0.8             6.79              ned                   0   [0.0366, 0.0, 0.0]     [10.32, 55.24]                 119.62   
facepalm                    86   [([8, 3, 2020], 47424), ([12, 3, 2020], 47424)]       1137.07          36.97           0.91            30.76            16.66                   0   [0.0116, 0.0, 0.0]      [7.24, 40.67]                  64.97   
me_irl                      91   [([8, 3, 2020], 47459), ([12, 3, 2020], 47459)]       1582.26          17.03           0.95            92.89              ned                   0   [0.033, 0.033, 0.0]        [1.26, 6.0]                  39.95   
dankmemes                   99   [([8, 3, 2020], 47488), ([12, 3, 2020], 47488)]      16302.51         126.15           0.96           129.23           178.79                   0   [0.3535, 0.0606, 0.0101]      [4.12, 20.96]                 199.66   
NatureIsFuckingLit             53   [([8, 3, 2020], 47575), ([12, 3, 2020], 47575)]       2245.25          29.25           0.97            76.77              ned                   2   [0.0566, 0.0, 0.0]     [12.66, 72.36]                  47.64   
pcmasterrace                85   [([8, 3, 2020], 47598), ([12, 3, 2020], 47598)]        905.35          26.73           0.91            33.87              ned                   0   [0.0118, 0.0118, 0.0]     [10.51, 55.99]                  27.36   
Tinder                      82   [([8, 3, 2020], 47636), ([12, 3, 2020], 47636)]        832.84           20.3           0.91            41.02              ned                   0   [0.0244, 0.0244, 0.0]      [6.04, 32.27]                  59.54   
nba                         96   [([8, 3, 2020], 47664), ([12, 3, 2020], 47664)]       3821.25         428.22           0.97             8.92            10.11                   0   [0.3229, 0.1875, 0.0625]     [26.5, 154.42]                 934.79   
Whatcouldgowrong             23   [([8, 3, 2020], 47797), ([12, 3, 2020], 47797)]        2546.3          98.48           0.92            25.86            15.61                   0   [0.0435, 0.0, 0.0]      [8.17, 39.57]                 230.45   
AnimalsBeingBros             18   [([8, 3, 2020], 47814), ([12, 3, 2020], 47814)]       1040.56           9.11           0.93           114.21              ned                   0   [0.0, 0.0, 0.0]      [8.94, 46.78]                   20.8   
PS4                         71   [([8, 3, 2020], 47820), ([12, 3, 2020], 47820)]        248.54          28.35           0.61             8.77              ned                   0   [0.0, 0.0, 0.0]     [10.49, 59.34]                  25.68   
woahdude                    23   [([8, 3, 2020], 47852), ([12, 3, 2020], 47852)]        357.48           6.87           0.83            52.04              ned                   2   [0.0, 0.0, 0.0]      [7.04, 38.09]                   6.01   
tattoos                     63   [([8, 3, 2020], 47861), ([12, 3, 2020], 47861)]        170.06           5.06           0.89            33.59            22.56                   0   [0.0, 0.0159, 0.0]     [15.24, 84.38]                   2.18   
AnimalsBeingJerks             27   [([8, 3, 2020], 47877), ([12, 3, 2020], 47877)]        1029.7          13.56            0.9            75.96              ned                   0   [0.037, 0.0, 0.0]      [6.63, 35.26]                  53.71   
BikiniBottomTwitter             56   [([8, 3, 2020], 47887), ([12, 3, 2020], 47887)]       1516.52          14.16           0.92           107.09              ned                   0   [0.0536, 0.0179, 0.0]      [5.68, 29.16]                  46.92   
reactiongifs                33   [([8, 3, 2020], 47905), ([12, 3, 2020], 47905)]        755.64          10.52           0.82            71.86              ned                   0   [0.0303, 0.0, 0.0]      [12.24, 63.3]                  19.14   
Overwatch                   69   [([8, 3, 2020], 47919), ([12, 3, 2020], 47919)]        278.06          16.42           0.87            16.93              ned                   0   [0.029, 0.0145, 0.0]      [9.59, 51.72]                  21.24   
FoodPorn                    92   [([8, 3, 2020], 47944), ([12, 3, 2020], 47944)]         166.8           7.75           0.89            21.52              ned                   0   [0.0, 0.0, 0.0]      [9.34, 55.25]                   9.06   
relationship_advice             92   [([8, 3, 2020], 47970), ([12, 3, 2020], 47970)]        263.22          65.75           0.86              4.0              ned                   0   [0.0109, 0.0109, 0.0]     [14.42, 74.16]                 101.63   
Unexpected                  62   [([8, 3, 2020], 48013), ([12, 3, 2020], 48013)]        1721.4          30.92           0.83            55.67              ned                   0   [0.0161, 0.0161, 0.0]      [4.56, 25.03]                 116.83   
Minecraft                   94   [([8, 3, 2020], 48039), ([12, 3, 2020], 48039)]       2631.27          44.74           0.97            58.81            32.55                  14   [0.0426, 0.0319, 0.0]     [10.24, 56.31]                  95.14   
PewdiepieSubmissions             98   [([8, 3, 2020], 48184), ([12, 3, 2020], 48184)]       7729.87          63.85           0.95           121.07           155.62                   0   [0.0918, 0.0204, 0.0]       [4.0, 20.65]                  67.43   
atheism                     70   [([8, 3, 2020], 48235), ([12, 3, 2020], 48235)]        131.83          23.99           0.74              5.5              ned                   2   [0.0, 0.0143, 0.0]     [12.84, 80.29]                  15.24   
gonewild                    93   [([8, 3, 2020], 48265), ([12, 3, 2020], 48265)]        929.33          35.03           0.99            26.53            22.12                   0   [0.1505, 0.1183, 0.0538]       [9.7, 48.85]                   3.81   
programming                 48   [([8, 3, 2020], 48306), ([12, 3, 2020], 48306)]         81.04          11.83           0.47             6.85              ned                   0   [0.0, 0.0208, 0.0]      [9.77, 60.29]                  10.83   
boardgames                  35   [([8, 3, 2020], 48324), ([12, 3, 2020], 48324)]         41.63          31.09           0.67             1.34              ned                   0   [0.0, 0.0, 0.0]      [9.26, 54.23]                  20.98   
gardening                   84   [([8, 3, 2020], 48340), ([12, 3, 2020], 48340)]        103.95           6.56           0.95            15.85              ned                   0   [0.0, 0.0, 0.0]     [13.71, 73.62]                   3.77   
instant_regret               2   [([8, 3, 2020], 48367), ([12, 3, 2020], 48367)]          74.5           15.0           0.83             4.97              4.5                   0   [0.0, 0.0, 0.0]       [11.0, 68.0]                   4.83   
dadjokes                    86   [([8, 3, 2020], 48368), ([12, 3, 2020], 48368)]        193.27           4.67           0.86            41.35              ned                   0   [0.0, 0.0116, 0.0]     [10.01, 53.07]                  12.19   
gameofthrones                9   [([8, 3, 2020], 48390), ([12, 3, 2020], 48390)]        142.67          11.33           0.81            12.59              ned                   0   [0.0, 0.0, 0.0]      [12.0, 66.33]                   2.85   
pokemongo                   63   [([8, 3, 2020], 48393), ([12, 3, 2020], 48393)]         81.32          17.67           0.61              4.6              ned                   0   [0.0159, 0.0, 0.0]       [7.1, 39.67]                  10.43   
europe                      78   [([8, 3, 2020], 48416), ([12, 3, 2020], 48416)]        400.03          57.92           0.88             6.91              ned                   3   [0.0, 0.0128, 0.0]     [12.12, 77.12]                  56.71   
mildlyinfuriating             95   [([8, 3, 2020], 48589), ([12, 3, 2020], 48589)]        507.99          26.09           0.86            19.47              ned                   0   [0.0, 0.0, 0.0]      [9.53, 50.95]                  35.43   
pokemon                     85   [([8, 3, 2020], 48623), ([12, 3, 2020], 48623)]        586.41          18.65           0.94            31.45              ned                  12   [0.0118, 0.0, 0.0]      [7.94, 43.06]                  22.28   
Damnthatsinteresting             76   [([8, 3, 2020], 48651), ([12, 3, 2020], 48651)]        939.66          16.33           0.83            57.55              ned                   1   [0.0, 0.0, 0.0]     [10.04, 57.13]                   34.9   
Games                       26   [([8, 3, 2020], 48681), ([12, 3, 2020], 48681)]        855.31         121.42           0.75             7.04              ned                   0   [0.0, 0.0, 0.0]     [11.31, 68.27]                 132.18   
iphone                       6   [([8, 3, 2020], 48701), ([12, 3, 2020], 48701)]         64.67          17.17           0.78             3.77              ned                   0   [0.0, 0.0, 0.0]       [9.83, 63.5]                  14.89   
AnimalsBeingDerps             76   [([8, 3, 2020], 48703), ([12, 3, 2020], 48703)]       1247.09           9.88           0.93            126.2              ned                   0   [0.0526, 0.0132, 0.0]      [6.89, 34.75]                  16.99   
loseit                      58   [([8, 3, 2020], 48725), ([12, 3, 2020], 48725)]         76.45          15.38           0.81             4.97              ned                   0   [0.0, 0.0172, 0.0]      [8.38, 46.14]                   7.29   
nonononoyes                 26   [([8, 3, 2020], 48747), ([12, 3, 2020], 48747)]        608.19           9.08           0.74             67.0              ned                   0   [0.0, 0.0, 0.0]       [5.58, 30.0]                  11.24   
itookapicture               89   [([8, 3, 2020], 48755), ([12, 3, 2020], 48755)]        179.61           3.46           0.93             51.9              ned                   0   [0.0, 0.0, 0.0]      [6.78, 33.03]                   0.36   
drawing                     96   [([8, 3, 2020], 48778), ([12, 3, 2020], 48778)]        225.67           6.27           0.96            35.99              ned                   0   [0.0104, 0.0, 0.0]      [9.05, 49.01]                   2.33   
humor                        4   [([8, 3, 2020], 48803), ([12, 3, 2020], 48803)]         87.25            2.5           0.71             34.9              ned                   0   [0.0, 0.0, 0.0]       [5.0, 27.75]                   2.17   
CrappyDesign                56   [([8, 3, 2020], 48804), ([12, 3, 2020], 48804)]        165.05           6.86           0.74            24.07              ned                   0   [0.0, 0.0, 0.0]       [8.7, 47.46]                   6.43   
buildapc                    74   [([8, 3, 2020], 48819), ([12, 3, 2020], 48819)]         32.32          18.45           0.89             1.75              ned                   0   [0.0135, 0.0, 0.0]      [9.24, 48.41]                   7.34   
Wellthatsucks               81   [([8, 3, 2020], 48845), ([12, 3, 2020], 48845)]       1535.15          33.65           0.89            45.62             9.91                   0   [0.0123, 0.0123, 0.0]     [13.54, 70.44]                 103.23   
GifRecipes                   4   [([8, 3, 2020], 48877), ([12, 3, 2020], 48877)]        1352.0          49.75           0.81            27.18              ned                   0   [0.0, 0.0, 0.0]       [5.25, 33.0]                  67.92   
BetterEveryLoop              6   [([8, 3, 2020], 48880), ([12, 3, 2020], 48880)]        3237.5          43.67           0.96            74.14             42.0                   0   [0.0, 0.0, 0.0]      [6.83, 38.17]                  60.28   
slowcooking                 13   [([8, 3, 2020], 48884), ([12, 3, 2020], 48884)]        255.23          21.31           0.84            11.98             7.69                   0   [0.0, 0.0, 0.0]       [9.15, 52.0]                  30.26   
trashy                      59   [([8, 3, 2020], 48888), ([12, 3, 2020], 48888)]       2060.88           78.2           0.87            26.35              ned                   0   [0.0169, 0.0, 0.0]     [10.69, 57.73]                  221.5   
WatchPeopleDieInside             22   [([8, 3, 2020], 48920), ([12, 3, 2020], 48920)]       1586.73          39.59           0.89            40.08              ned                   0   [0.0909, 0.0455, 0.0]      [8.95, 50.36]                  82.68   
Eyebleach                   93   [([8, 3, 2020], 48930), ([12, 3, 2020], 48930)]       1277.27          13.38           0.96            95.49              ned                   0   [0.0, 0.0108, 0.0]      [6.72, 34.23]                  36.31   
nfl                         58   [([8, 3, 2020], 48960), ([12, 3, 2020], 48960)]        520.98         125.31           0.88             4.16              ned                   0   [0.0517, 0.069, 0.0]    [18.29, 105.84]                 156.46   
hiphopheads                 74   [([8, 3, 2020], 49131), ([12, 3, 2020], 49131)]         68.91          29.61           0.82             2.33              ned                   0   [0.0, 0.0, 0.0]      [8.31, 46.69]                  18.72   
confession                  10   [([8, 3, 2020], 49158), ([12, 3, 2020], 49158)]          13.9            8.9           0.55             1.56              ned                   0   [0.0, 0.0, 0.0]       [13.3, 68.7]                   5.73   
YouShouldKnow               12   [([8, 3, 2020], 49160), ([12, 3, 2020], 49160)]       1086.33          32.83           0.87            33.09              ned                   0   [0.0, 0.0, 0.0]     [19.0, 113.67]                  45.72   
offmychest                  95   [([8, 3, 2020], 49166), ([12, 3, 2020], 49166)]        115.83           9.43            0.9            12.28              ned                   0   [0.0105, 0.0105, 0.0]     [10.78, 55.58]                  12.78   
woodworking                 83   [([8, 3, 2020], 49193), ([12, 3, 2020], 49193)]         87.23          11.43           0.92             7.63              ned                   0   [0.0, 0.0, 0.0]     [17.35, 91.78]                   4.77   
Parenting                   48   [([8, 3, 2020], 49217), ([12, 3, 2020], 49217)]         55.33          14.77           0.86             3.75              ned                   0   [0.0, 0.0, 0.0]       [8.6, 47.54]                  14.15   
nextfuckinglevel             46   [([8, 3, 2020], 49234), ([12, 3, 2020], 49234)]       6333.91          121.2           0.93            52.26            32.65                   0   [0.1304, 0.0652, 0.0]      [8.41, 50.02]                 261.86   
RoastMe                     34   [([8, 3, 2020], 49260), ([12, 3, 2020], 49260)]        392.26         157.44           0.87             2.49              ned                   0   [0.0, 0.0294, 0.0]     [13.65, 68.41]                 152.49   
xboxone                     79   [([8, 3, 2020], 49283), ([12, 3, 2020], 49283)]        193.75          16.39           0.56            11.82              ned                   0   [0.0, 0.0, 0.0]     [11.23, 60.51]                   0.75   
MakeupAddiction             83   [([8, 3, 2020], 49309), ([12, 3, 2020], 49309)]        106.59           8.19           0.82            13.01              ned                   0   [0.0, 0.012, 0.0]     [10.75, 60.11]                   4.89   
ChoosingBeggars             17   [([8, 3, 2020], 49350), ([12, 3, 2020], 49350)]       2494.12         218.59           0.83            11.41              ned                   0   [0.2353, 0.1765, 0.0588]      [11.71, 65.0]                 614.35   
PublicFreakout              70   [([8, 3, 2020], 49360), ([12, 3, 2020], 49360)]       1847.81         150.87           0.81            12.25              ned                   0   [0.0857, 0.0286, 0.0]      [9.29, 53.44]                 255.97   
AmItheAsshole               92   [([8, 3, 2020], 49407), ([12, 3, 2020], 49407)]        898.13         178.99           0.89             5.02             2.78                   0   [0.0, 0.0109, 0.0]     [12.75, 66.26]                  728.7   
ChildrenFallingOver              2   [([8, 3, 2020], 49506), ([12, 3, 2020], 49506)]         150.0            2.5            0.9             60.0              ned                   0   [0.0, 0.0, 0.0]        [3.5, 17.5]                    1.5   
cats                        95   [([8, 3, 2020], 49506), ([12, 3, 2020], 49506)]        701.67          12.51           0.99            56.11              ned                   0   [0.0421, 0.0105, 0.0105]     [11.12, 55.91]                  12.44   
BeAmazed                    19   [([8, 3, 2020], 49537), ([12, 3, 2020], 49537)]       1292.79          21.53           0.88            60.06              ned                   0   [0.0526, 0.1579, 0.0]     [11.37, 66.89]                  20.25   
pcgaming                    47   [([8, 3, 2020], 49544), ([12, 3, 2020], 49544)]        209.23          25.47           0.53             8.22              ned                   0   [0.0, 0.0, 0.0]      [10.7, 63.32]                  18.08   
HighQualityGifs             10   [([8, 3, 2020], 49563), ([12, 3, 2020], 49563)]        2053.6           17.9           0.86           114.73              ned                   0   [0.0, 0.2, 0.1]        [8.2, 40.6]                  41.57   
EatCheapAndHealthy             12   [([8, 3, 2020], 49567), ([12, 3, 2020], 49567)]        198.67           25.5           0.85             7.79              ned                   0   [0.0, 0.0, 0.0]     [11.75, 64.92]                  32.47   
teenagers                   93   [([8, 3, 2020], 49572), ([12, 3, 2020], 49572)]       4178.35          70.46           0.97             59.3              ned                   0   [0.1183, 0.0215, 0.0]       [5.74, 29.2]                  97.47   
cars                        41   [([8, 3, 2020], 49621), ([12, 3, 2020], 49621)]         65.83          27.41            0.7              2.4              ned                   0   [0.0, 0.0, 0.0]       [9.76, 53.9]                  22.59   
Roadcam                     11   [([8, 3, 2020], 49662), ([12, 3, 2020], 49662)]         65.18          12.45           0.69             5.23              ned                   0   [0.0, 0.0, 0.0]     [11.45, 66.55]                  14.85   
NetflixBestOf                7   [([8, 3, 2020], 49666), ([12, 3, 2020], 49666)]        141.57           32.0           0.62             4.42              ned                   0   [0.0, 0.0, 0.0]     [14.29, 91.14]                  24.28   
keto                        52   [([8, 3, 2020], 49669), ([12, 3, 2020], 49669)]         57.38          16.54           0.75             3.47              ned                   0   [0.0192, 0.0577, 0.0]       [7.13, 39.4]                   5.78   
raspberry_pi                 3   [([8, 3, 2020], 49687), ([12, 3, 2020], 49687)]          1.33            8.0           0.64             0.17              ned                   0   [0.0, 0.0, 0.0]      [6.33, 32.67]                   0.78   
AskMen                      79   [([8, 3, 2020], 49689), ([12, 3, 2020], 49689)]         145.8           82.0           0.67             1.78              ned                   0   [0.0127, 0.0, 0.0]     [12.89, 67.48]                 111.05   
HumansBeingBros             33   [([8, 3, 2020], 49828), ([12, 3, 2020], 49828)]       1366.09          19.45           0.95            70.22            35.33                   0   [0.0, 0.0303, 0.0]     [16.42, 89.73]                  50.43   
HistoryPorn                  6   [([8, 3, 2020], 49839), ([12, 3, 2020], 49839)]       1389.33           33.0           0.94             42.1              ned                   0   [0.0, 0.1667, 0.0]    [23.17, 147.17]                  32.45   
MadeMeSmile                 88   [([8, 3, 2020], 49841), ([12, 3, 2020], 49841)]       1507.61          20.22           0.93            74.58              ned                   0   [0.0455, 0.0568, 0.0114]     [12.77, 67.47]                  43.12   
NintendoSwitch              47   [([8, 3, 2020], 49869), ([12, 3, 2020], 49869)]        315.66          40.94           0.56             7.71              ned                   0   [0.0, 0.0, 0.0]      [8.74, 53.47]                  33.08   
backpacking                 15   [([8, 3, 2020], 49896), ([12, 3, 2020], 49896)]          34.4           4.47           0.73              7.7              ned                   0   [0.0, 0.0, 0.0]      [11.87, 68.4]                   0.98   
OutOfTheLoop                27   [([8, 3, 2020], 49901), ([12, 3, 2020], 49901)]        167.85          69.78           0.61             2.41              ned                   0   [0.037, 0.0, 0.0]     [11.52, 64.89]                  46.52   
RealGirls                   96   [([8, 3, 2020], 49913), ([12, 3, 2020], 49913)]        482.67          19.11           0.97            25.25            20.98                   0   [0.0312, 0.0729, 0.0]      [8.55, 41.53]                   1.76   
rickandmorty                70   [([8, 3, 2020], 49951), ([12, 3, 2020], 49951)]        558.34           7.29           0.87            76.64              ned                   4   [0.0286, 0.0, 0.0]      [6.59, 34.79]                  14.56   
Cooking                     85   [([8, 3, 2020], 49973), ([12, 3, 2020], 49973)]         14.13          10.21           0.83             1.38              ned                   0   [0.0, 0.0, 0.0]       [9.05, 51.8]                   3.97   
streetwear                  75   [([8, 3, 2020], 49996), ([12, 3, 2020], 49996)]        121.91           5.87           0.84            20.78              ned                   0   [0.0, 0.0, 0.0]      [8.03, 46.37]                   3.76   
biology                     28   [([8, 3, 2020], 50021), ([12, 3, 2020], 50021)]         27.29           3.14           0.65             8.68              ned                   0   [0.0, 0.0, 0.0]     [14.64, 91.04]                   2.42   
IdiotsInCars                44   [([8, 3, 2020], 50029), ([12, 3, 2020], 50029)]       2781.18         100.86           0.89            27.57            11.52                   0   [0.0227, 0.0, 0.0]     [10.86, 57.36]                 219.33   
insanepeoplefacebook             96   [([8, 3, 2020], 50057), ([12, 3, 2020], 50057)]        491.38          27.08           0.93            18.14              ned                   0   [0.0, 0.0, 0.0]      [9.06, 50.67]                  45.59   
MurderedByWords             47   [([8, 3, 2020], 50091), ([12, 3, 2020], 50091)]       3476.15         109.26           0.83            31.82              ned                   0   [0.0638, 0.0426, 0.0]      [7.49, 41.55]                 119.79   
frugalmalefashion              8   [([8, 3, 2020], 50204), ([12, 3, 2020], 50204)]         53.12          21.12           0.75             2.51              2.0                   0   [0.0, 0.0, 0.0]     [11.75, 68.12]                  14.38   
DnD                         77   [([8, 3, 2020], 50207), ([12, 3, 2020], 50207)]        393.38          17.06           0.92            23.05              ned                  14   [0.013, 0.0, 0.0]     [10.55, 59.09]                  12.33   
youseeingthisshit              1   [([8, 3, 2020], 50263), ([12, 3, 2020], 50263)]          37.0            2.0            0.9             18.5             18.0                   0   [0.0, 0.0, 0.0]       [12.0, 70.0]                   0.33   
KidsAreFuckingStupid             54   [([8, 3, 2020], 50263), ([12, 3, 2020], 50263)]        380.07          10.93            0.8            34.79              ned                   0   [0.0, 0.0, 0.0]      [8.24, 42.22]                  20.45   
recipes                     14   [([8, 3, 2020], 50280), ([12, 3, 2020], 50280)]        271.57          13.57           0.82            20.01              ned                   0   [0.0, 0.0, 0.0]     [11.14, 64.57]                   8.17   
TrollYChromosome             10   [([8, 3, 2020], 50285), ([12, 3, 2020], 50285)]         446.4           14.6            0.9            30.58              ned                   0   [0.0, 0.0, 0.0]        [5.3, 27.4]                   9.27   
therewasanattempt             76   [([8, 3, 2020], 50289), ([12, 3, 2020], 50289)]       1957.66          24.41           0.84            80.21              ned                   0   [0.0, 0.0, 0.0]      [5.21, 24.88]                  55.36   
mac                         39   [([8, 3, 2020], 50321), ([12, 3, 2020], 50321)]         33.59           8.82            0.9             3.81              ned                   0   [0.0, 0.0, 0.0]     [10.92, 58.44]                   2.68   
nevertellmetheodds              4   [([8, 3, 2020], 50333), ([12, 3, 2020], 50333)]         151.0           4.75           0.85            31.79              ned                   0   [0.0, 0.0, 0.0]        [5.0, 26.5]                   4.33   
MovieDetails                14   [([8, 3, 2020], 50335), ([12, 3, 2020], 50335)]       3281.79          36.36           0.82            90.27              ned                   0   [0.0, 0.0, 0.0]    [30.43, 170.36]                  84.38   
WhitePeopleTwitter             97   [([8, 3, 2020], 50342), ([12, 3, 2020], 50342)]       1530.75          20.73           0.95            73.84              ned                   0   [0.0, 0.0, 0.0]      [4.18, 21.86]                   45.3   
NoStupidQuestions             89   [([8, 3, 2020], 50375), ([12, 3, 2020], 50375)]        228.58          17.28           0.89            13.23             2.19                   0   [0.0225, 0.0, 0.0]      [16.4, 86.73]                  30.88   
