Europe                      77   [([8, 3, 2020], 44659), ([12, 3, 2020], 44659)]        376.09          66.26           0.87             5.68              ned                   2   [0.0, 0.013, 0.0]     [12.52, 79.06]                  55.64   
12_03_2020_20     num_of_posts                                          datetime   avg_upvotes   avg_comments   avg_ud_ratio   avg_uc_ratio_1   avg_uc_ratio_2   num_of_oc_content          avg_awards   avg_title_length   avg_u_top10_comments   
Austria                     74   [([8, 3, 2020], 44809), ([12, 3, 2020], 44809)]         62.77          15.41           0.82             4.07              ned                   0   [0.027, 0.0, 0.0]      [8.32, 57.96]                   9.59   
Albania                      9   [([8, 3, 2020], 44835), ([12, 3, 2020], 44835)]         17.78           10.0           0.82             1.78              ned                   0   [0.0, 0.0, 0.0]      [9.56, 58.56]                   7.89   
Belgium                     17   [([8, 3, 2020], 44839), ([12, 3, 2020], 44839)]         30.88          35.41           0.74             0.87              ned                   0   [0.0, 0.0, 0.0]      [7.47, 47.82]                  18.12   
slovenia                    22   [([8, 3, 2020], 44846), ([12, 3, 2020], 44846)]         55.09          19.23           0.84             2.87              ned                   0   [0.0, 0.0, 0.0]      [7.77, 42.23]                  10.11   
Bosnia                       1   [([8, 3, 2020], 44855), ([12, 3, 2020], 44855)]           8.0            1.0            1.0              8.0              8.0                   0   [0.0, 0.0, 0.0]        [6.0, 32.0]                    2.0   
Croatia                     49   [([8, 3, 2020], 44855), ([12, 3, 2020], 44855)]         84.22          24.16           0.82             3.49              ned                   0   [0.0, 0.0, 0.0]      [7.88, 48.63]                  19.01   
France                      80   [([8, 3, 2020], 44875), ([12, 3, 2020], 44875)]          91.5          51.26           0.83             1.78              ned                   0   [0.0, 0.0, 0.0]      [11.97, 72.3]                  25.93   
Germany                     35   [([8, 3, 2020], 44920), ([12, 3, 2020], 44920)]         49.89          10.91           0.51             4.57              ned                   1   [0.0, 0.0, 0.0]      [9.06, 53.26]                    5.3   
Ireland                     88   [([8, 3, 2020], 44932), ([12, 3, 2020], 44932)]        192.69          32.09           0.92              6.0              ned                   0   [0.0, 0.0341, 0.0]     [10.97, 64.17]                  25.45   
thenetherlands              12   [([8, 3, 2020], 44970), ([12, 3, 2020], 44970)]         223.5          24.08           0.83             9.28              ned                   1   [0.0, 0.0, 0.0]      [8.75, 57.08]                  13.92   
unitedkingdom               35   [([8, 3, 2020], 44975), ([12, 3, 2020], 44975)]         93.83         136.63           0.73             0.69              ned                   0   [0.0, 0.0, 0.0]      [11.03, 64.6]                  41.29   
Switzerland                  4   [([8, 3, 2020], 45003), ([12, 3, 2020], 45003)]         67.25            8.5           0.71             7.91              ned                   0   [0.0, 0.0, 0.0]       [12.0, 79.5]                    0.5   
Slovakia                    10   [([8, 3, 2020], 45005), ([12, 3, 2020], 45005)]          50.0            8.4           0.79             5.95              ned                   0   [0.0, 0.0, 0.0]       [10.3, 66.2]                   8.83   
Russia                      16   [([8, 3, 2020], 45008), ([12, 3, 2020], 45008)]         17.06           7.94           0.64             2.15              ned                   0   [0.0, 0.0, 0.0]     [11.12, 66.88]                   2.15   
NYC                         61   [([8, 3, 2020], 45014), ([12, 3, 2020], 45014)]         99.52          32.97           0.72             3.02              ned                   0   [0.0, 0.0, 0.0]      [8.33, 47.69]                  26.57   
Seattle                     69   [([8, 3, 2020], 45042), ([12, 3, 2020], 45042)]        117.06          21.64           0.76             5.41              ned                   0   [0.0145, 0.058, 0.0]     [10.51, 64.58]                  18.07   
Chicago                     11   [([8, 3, 2020], 45103), ([12, 3, 2020], 45103)]        217.91          70.09           0.88             3.11             6.09                   0   [0.0, 0.0909, 0.0]     [10.73, 64.18]                  59.97   
Toronto                     25   [([8, 3, 2020], 45110), ([12, 3, 2020], 45110)]        149.16           44.6           0.79             3.34              ned                   0   [0.0, 0.0, 0.0]      [14.44, 91.2]                  32.03   
LosAngeles                  23   [([8, 3, 2020], 45123), ([12, 3, 2020], 45123)]        127.43          30.74            0.8             4.15              ned                   0   [0.0435, 0.0, 0.0]     [11.61, 71.13]                  17.91   
Portland                    58   [([8, 3, 2020], 45134), ([12, 3, 2020], 45134)]        107.86          33.97            0.7             3.18              ned                   0   [0.0172, 0.0, 0.0]     [11.22, 67.71]                  27.16   
Boston                      45   [([8, 3, 2020], 45159), ([12, 3, 2020], 45159)]         91.69          26.51           0.81             3.46              ned                   0   [0.0, 0.0222, 0.0]     [10.56, 65.38]                  27.01   
Austin                      30   [([8, 3, 2020], 45178), ([12, 3, 2020], 45178)]        104.17          35.93            0.7              2.9              ned                   0   [0.0667, 0.0, 0.0]       [9.3, 55.83]                  23.98   
SanFrancisco                34   [([8, 3, 2020], 45191), ([12, 3, 2020], 45191)]         68.85           9.74           0.73             7.07              ned                   0   [0.0, 0.0294, 0.0]      [9.88, 56.29]                   8.05   
Vancouver                   72   [([8, 3, 2020], 45201), ([12, 3, 2020], 45201)]         59.57           23.5           0.69             2.53              ned                   0   [0.0, 0.0139, 0.0]      [11.5, 69.01]                  17.81   
WashingtonDC                18   [([8, 3, 2020], 45227), ([12, 3, 2020], 45227)]          88.0          55.44           0.73             1.59              ned                   0   [0.0556, 0.0, 0.0]       [9.83, 59.0]                  27.52   
Houston                     34   [([8, 3, 2020], 45237), ([12, 3, 2020], 45237)]          86.0          30.26           0.72             2.84              ned                   0   [0.0, 0.0, 0.0]      [9.38, 56.21]                  25.31   
Atlanta                     31   [([8, 3, 2020], 45251), ([12, 3, 2020], 45251)]         92.39          34.03           0.77             2.71              ned                   0   [0.0, 0.0, 0.0]      [10.94, 64.0]                  24.58   
Philadelphia                23   [([8, 3, 2020], 45270), ([12, 3, 2020], 45270)]        142.78           41.3           0.77             3.46              ned                   0   [0.0, 0.0, 0.0]       [7.7, 48.43]                  28.49   
Denver                      21   [([8, 3, 2020], 45281), ([12, 3, 2020], 45281)]         84.38          11.29           0.73             7.48              ned                   0   [0.0, 0.0, 0.0]     [12.19, 67.38]                    9.7   
Melbourne                   47   [([8, 3, 2020], 45288), ([12, 3, 2020], 45288)]         67.28          27.74           0.68             2.42              ned                   0   [0.0, 0.0, 0.0]      [7.57, 45.26]                  17.45   
SanDiego                    34   [([8, 3, 2020], 45307), ([12, 3, 2020], 45307)]         94.09          14.32           0.76             6.57              ned                   0   [0.0, 0.0, 0.0]     [10.94, 61.68]                   9.05   
Dallas                      16   [([8, 3, 2020], 45319), ([12, 3, 2020], 45319)]        115.75          25.25           0.71             4.58              ned                   0   [0.0, 0.0, 0.0]      [8.75, 50.44]                  18.58   
Montreal                    10   [([8, 3, 2020], 45325), ([12, 3, 2020], 45325)]          83.3           24.9           0.83             3.35              ned                   0   [0.0, 0.0, 0.0]        [8.4, 55.2]                   15.1   
Sydney                      57   [([8, 3, 2020], 45330), ([12, 3, 2020], 45330)]         73.23          19.89           0.68             3.68              ned                   0   [0.0175, 0.0, 0.0]      [9.49, 56.77]                   15.3   
Pittsburgh                  30   [([8, 3, 2020], 45349), ([12, 3, 2020], 45349)]          34.2          15.83           0.72             2.16              ned                   0   [0.0, 0.0, 0.0]       [9.93, 63.3]                   5.92   
Calgary                     60   [([8, 3, 2020], 45369), ([12, 3, 2020], 45369)]         65.45          26.52           0.65             2.47              ned                   1   [0.0167, 0.0, 0.0]       [9.82, 57.1]                   17.9   
Baltimore                   11   [([8, 3, 2020], 45395), ([12, 3, 2020], 45395)]         44.64          23.64           0.77             1.89              ned                   0   [0.0, 0.0, 0.0]      [9.64, 61.91]                  12.09   
StLouis                     38   [([8, 3, 2020], 45400), ([12, 3, 2020], 45400)]         71.92          17.66           0.79             4.07              ned                   0   [0.0263, 0.0263, 0.0]     [12.29, 76.37]                   0.98   
funny                       91   [([8, 3, 2020], 45414), ([12, 3, 2020], 45414)]       3049.65          62.42            0.9            48.86            33.25                   0   [0.0549, 0.011, 0.0]      [6.18, 33.14]                  95.73   
AskReddit                   94   [([8, 3, 2020], 45462), ([12, 3, 2020], 45462)]       1654.81         702.59           0.82             2.36             0.61                   0   [0.0426, 0.0745, 0.0]     [14.47, 78.34]                 858.54   
gaming                      78   [([8, 3, 2020], 45576), ([12, 3, 2020], 45576)]       3070.35          57.65           0.87            53.25              ned                   0   [0.0513, 0.0385, 0.0]      [9.96, 52.08]                  95.62   
pics                        95   [([8, 3, 2020], 45616), ([12, 3, 2020], 45616)]       2721.56          50.54           0.89            53.85              ned                   1   [0.0632, 0.0526, 0.0]      [9.19, 51.42]                   86.7   
aww                         95   [([8, 3, 2020], 45661), ([12, 3, 2020], 45661)]       7408.55          77.14           0.97            96.04            80.42                   0   [0.3158, 0.0632, 0.0105]      [9.78, 50.63]                 208.21   
science                     23   [([8, 3, 2020], 45716), ([12, 3, 2020], 45716)]       1284.52          39.65           0.79            32.39              ned                   0   [0.0, 0.0, 0.0]    [25.74, 172.04]                  69.93   
worldnews                   89   [([8, 3, 2020], 45737), ([12, 3, 2020], 45737)]       4663.99         539.81           0.92             8.64              ned                   0   [0.0562, 0.0674, 0.0]    [16.88, 107.98]                 672.25   
Music                       78   [([8, 3, 2020], 45835), ([12, 3, 2020], 45835)]         61.03           6.81           0.81             8.96              ned                   2   [0.0, 0.0, 0.0]     [11.32, 67.36]                   3.74   
movies                      70   [([8, 3, 2020], 45859), ([12, 3, 2020], 45859)]       1147.17         114.39           0.64            10.03              ned                   0   [0.0143, 0.0, 0.0]     [12.67, 75.53]                 259.31   
videos                      84   [([8, 3, 2020], 45895), ([12, 3, 2020], 45895)]        658.46          41.49           0.75            15.87              ned                   0   [0.0357, 0.0119, 0.0238]     [10.46, 60.33]                   66.0   
todayilearned               83   [([8, 3, 2020], 45933), ([12, 3, 2020], 45933)]       3355.35          98.33           0.86            34.12              ned                   0   [0.0241, 0.012, 0.0]    [28.39, 165.27]                 333.04   
news                        34   [([8, 3, 2020], 46086), ([12, 3, 2020], 46086)]       6915.06         475.41            0.9            14.55            11.68                   0   [0.1176, 0.0294, 0.0]     [10.68, 68.32]                 812.45   
IAmA                         3   [([8, 3, 2020], 46127), ([12, 3, 2020], 46127)]          18.0           45.0           0.52              0.4              ned                   0   [0.0, 0.0, 0.0]      [15.33, 85.0]                   6.44   
gifs                        46   [([8, 3, 2020], 46129), ([12, 3, 2020], 46129)]       4267.33         120.17            0.8            35.51              ned                   3   [0.0217, 0.0, 0.0]      [6.02, 35.26]                 411.26   
Showerthoughts              94   [([8, 3, 2020], 46161), ([12, 3, 2020], 46161)]        957.15          27.34           0.91            35.01            14.63                   0   [0.0638, 0.0, 0.0]    [18.57, 102.22]                  45.42   
EarthPorn                   63   [([8, 3, 2020], 46196), ([12, 3, 2020], 46196)]       1012.57           9.79           0.92           103.39              ned                  58   [0.0159, 0.0317, 0.0]     [10.54, 69.56]                    4.5   
askscience                  12   [([8, 3, 2020], 46214), ([12, 3, 2020], 46214)]        409.67          29.33           0.74            13.97              ned                   0   [0.0, 0.0833, 0.0]     [14.75, 89.75]                 233.44   
Jokes                       94   [([8, 3, 2020], 46219), ([12, 3, 2020], 46219)]        620.03           16.0           0.88            38.75              ned                   0   [0.0957, 0.0745, 0.0]      [9.43, 49.26]                  65.26   
food                        95   [([8, 3, 2020], 46249), ([12, 3, 2020], 46249)]        237.97           8.89            0.9            26.75              ned                   3   [0.0105, 0.0, 0.0]      [6.94, 47.61]                    6.5   
explainlikeimfive             55   [([8, 3, 2020], 46277), ([12, 3, 2020], 46277)]          3.55           6.67           0.62             0.53              ned                   0   [0.0, 0.0, 0.0]     [12.07, 67.38]                    0.7   
books                       25   [([8, 3, 2020], 46293), ([12, 3, 2020], 46293)]        524.44           53.2           0.72             9.86              ned                   0   [0.0, 0.0, 0.0]       [8.4, 48.36]                  49.63   
blog                         1   [([8, 3, 2020], 46305), ([12, 3, 2020], 46305)]       22669.0         2538.0           0.86             8.93              9.0                   0   [7.0, 2.0, 2.0]        [3.0, 14.0]                 1987.0   
LifeProTips                 52   [([8, 3, 2020], 46308), ([12, 3, 2020], 46308)]         35.25           9.54            0.7              3.7              ned                   0   [0.0, 0.0, 0.0]     [25.6, 142.31]                   3.89   
mildlyinteresting             92   [([8, 3, 2020], 46324), ([12, 3, 2020], 46324)]       1106.57           22.6           0.87            48.97              ned                  92   [0.0109, 0.0, 0.0]     [10.15, 55.28]                   28.8   
Art                         97   [([8, 3, 2020], 46360), ([12, 3, 2020], 46360)]        451.66          11.56           0.95            39.08              ned                   1   [0.0103, 0.0412, 0.0]      [6.48, 39.66]                   5.16   
DIY                         20   [([8, 3, 2020], 46389), ([12, 3, 2020], 46389)]         160.9           16.6           0.72             9.69              ned                   0   [0.0, 0.0, 0.0]      [10.4, 61.35]                   9.42   
sports                      34   [([8, 3, 2020], 46396), ([12, 3, 2020], 46396)]       1252.53          80.21           0.78            15.62              ned                   0   [0.0, 0.0, 0.0]     [13.76, 89.03]                 171.47   
nottheonion                  9   [([8, 3, 2020], 46413), ([12, 3, 2020], 46413)]       1714.89          46.22           0.88             37.1            14.89                   0   [0.0, 0.0, 0.0]      [11.89, 80.0]                 215.89   
gadgets                      4   [([8, 3, 2020], 46417), ([12, 3, 2020], 46417)]         445.5           84.5           0.63             5.27              ned                   0   [0.0, 0.0, 0.0]      [14.0, 76.75]                  39.42   
television                  54   [([8, 3, 2020], 46421), ([12, 3, 2020], 46421)]        672.78          48.67           0.65            13.82              ned                   0   [0.0185, 0.0185, 0.0]     [11.06, 67.43]                  95.17   
Documentaries               19   [([8, 3, 2020], 46444), ([12, 3, 2020], 46444)]        239.16          15.63           0.68             15.3              ned                   0   [0.0, 0.0, 0.0]    [23.95, 145.26]                  19.07   
photoshopbattles             22   [([8, 3, 2020], 46452), ([12, 3, 2020], 46452)]       1627.14          27.18            0.8            59.86              ned                   0   [0.0, 0.0, 0.0]      [7.77, 45.59]                  76.65   
listentothis                70   [([8, 3, 2020], 46461), ([12, 3, 2020], 46461)]          2.31            0.4           0.69             5.79              ned                   0   [0.0, 0.0, 0.0]      [7.67, 50.17]                   0.16   
UpliftingNews               21   [([8, 3, 2020], 46478), ([12, 3, 2020], 46478)]        297.43          19.76           0.86            15.05              ned                   0   [0.0, 0.0, 0.0]    [19.14, 118.76]                  20.63   
tifu                        69   [([8, 3, 2020], 46487), ([12, 3, 2020], 46487)]        117.88          14.04           0.69             8.39              ned                   0   [0.0145, 0.0, 0.0]     [10.91, 58.35]                  30.27   
InternetIsBeautiful              1   [([8, 3, 2020], 46511), ([12, 3, 2020], 46511)]        5065.0          647.0           0.88             7.83              8.0                   0   [0.0, 0.0, 0.0]       [13.0, 71.0]                 608.67   
history                     14   [([8, 3, 2020], 46514), ([12, 3, 2020], 46514)]          8.07          11.07           0.67             0.73              ned                   0   [0.0, 0.0, 0.0]      [11.29, 64.0]                   7.29   
philosophy                   3   [([8, 3, 2020], 46519), ([12, 3, 2020], 46519)]        838.33          50.67           0.91            16.55            17.33                   0   [0.0, 0.0, 0.0]    [20.33, 121.33]                  22.33   
Futurology                  34   [([8, 3, 2020], 46521), ([12, 3, 2020], 46521)]         529.0          35.85           0.72            14.75              ned                   0   [0.0, 0.0, 0.0]    [19.56, 122.71]                  45.87   
OldSchoolCool               92   [([8, 3, 2020], 46535), ([12, 3, 2020], 46535)]        604.07          19.55           0.92            30.89              ned                   0   [0.0109, 0.0, 0.0]      [13.5, 75.93]                  28.91   
WritingPrompts              96   [([8, 3, 2020], 46568), ([12, 3, 2020], 46568)]         90.34           4.38            0.9            20.65            11.93                   0   [0.0, 0.0, 0.0]     [37.81, 212.7]                   6.25   
dataisbeautiful             58   [([8, 3, 2020], 46595), ([12, 3, 2020], 46595)]         476.4          20.41           0.77            23.34              ned                   0   [0.0345, 0.0517, 0.0]     [11.09, 69.69]                  33.22   
personalfinance             93   [([8, 3, 2020], 46615), ([12, 3, 2020], 46615)]         43.65          23.51           0.86             1.86              ned                   0   [0.0, 0.0, 0.0]     [11.23, 61.15]                  33.53   
nosleep                     47   [([8, 3, 2020], 46692), ([12, 3, 2020], 46692)]         91.26           6.34           0.86            14.39              ned                   0   [0.0213, 0.0213, 0.0]      [8.87, 46.83]                    5.1   
creepy                       3   [([8, 3, 2020], 46708), ([12, 3, 2020], 46708)]       2235.67          93.67            0.9            23.87            25.67                   0   [0.0, 0.0, 0.0]        [6.0, 29.0]                  116.0   
TwoXChromosomes             60   [([8, 3, 2020], 46710), ([12, 3, 2020], 46710)]        214.43          17.47           0.64            12.28              ned                   0   [0.0, 0.0, 0.0]     [10.97, 62.42]                  29.66   
technology                  33   [([8, 3, 2020], 46744), ([12, 3, 2020], 46744)]       1243.52           73.7            0.8            16.87              ned                   0   [0.0, 0.0, 0.0]      [13.82, 85.7]                  97.34   
memes                       99   [([8, 3, 2020], 46759), ([12, 3, 2020], 46759)]      26294.61         153.47           0.96           171.33           221.83                   0   [0.3333, 0.0909, 0.0]      [4.75, 23.82]                 234.61   
