news                        33   [([12, 3, 2020], 56958), ([16, 3, 2020], 56958)]       6789.27         509.61           0.91            13.32            11.33                   0   [0.0606, 0.0, 0.0]     [10.52, 67.33]                1204.09   
16_03_2020_23     num_of_posts                                           datetime   avg_upvotes   avg_comments   avg_ud_ratio   avg_uc_ratio_1   avg_uc_ratio_2   num_of_oc_content           avg_awards   avg_title_length   avg_u_top10_comments   
IAmA                         6   [([12, 3, 2020], 57018), ([16, 3, 2020], 57018)]       1323.17         365.17           0.78             3.62             1.83                   0   [0.0, 0.1667, 0.0]    [25.17, 152.83]                 112.22   
gifs                        52   [([12, 3, 2020], 57024), ([16, 3, 2020], 57024)]       3133.06          68.42           0.73            45.79              ned                   4   [0.0, 0.0385, 0.0]      [7.54, 44.85]                 290.35   
Showerthoughts              98   [([12, 3, 2020], 57050), ([16, 3, 2020], 57050)]        191.04           8.65           0.87            22.08              ned                   0   [0.0102, 0.0, 0.0]      [17.4, 96.42]                   8.49   
EarthPorn                   81   [([12, 3, 2020], 57078), ([16, 3, 2020], 57078)]        955.75          10.57           0.92            90.44              ned                  79   [0.037, 0.0123, 0.0]       [11.7, 76.7]                    5.1   
askscience                   6   [([12, 3, 2020], 57103), ([16, 3, 2020], 57103)]        717.67           61.5            0.8            11.67             8.33                   0   [0.0, 0.0, 0.0]     [13.33, 78.17]                 127.33   
Jokes                       98   [([12, 3, 2020], 57106), ([16, 3, 2020], 57106)]        751.16          15.94           0.87            47.13              ned                   0   [0.0102, 0.0102, 0.0]      [9.77, 50.56]                  62.22   
food                        97   [([12, 3, 2020], 57141), ([16, 3, 2020], 57141)]        323.91          10.23           0.94            31.67              ned                  97   [0.0, 0.0, 0.0]      [6.03, 42.91]                   5.94   
explainlikeimfive             65   [([12, 3, 2020], 57169), ([16, 3, 2020], 57169)]          6.37           5.15           0.72             1.24              ned                   0   [0.0, 0.0, 0.0]     [14.55, 80.86]                   0.74   
books                       28   [([12, 3, 2020], 57187), ([16, 3, 2020], 57187)]        449.64          16.39           0.68            27.43              ned                   0   [0.1071, 0.0714, 0.0]     [14.79, 82.96]                   6.75   
blog                         1   [([12, 3, 2020], 57202), ([16, 3, 2020], 57202)]       22663.0         2538.0           0.86             8.93              9.0                   0   [7.0, 2.0, 2.0]        [3.0, 14.0]                1990.67   
LifeProTips                 26   [([12, 3, 2020], 57205), ([16, 3, 2020], 57205)]        383.85          22.96           0.77            16.72              ned                   0   [0.0, 0.0, 0.0]     [22.0, 119.46]                  13.21   
mildlyinteresting             92   [([12, 3, 2020], 57215), ([16, 3, 2020], 57215)]       1727.84          46.05           0.88            37.52              ned                  92   [0.0217, 0.0, 0.0]     [10.05, 53.72]                  98.16   
Art                         91   [([12, 3, 2020], 57252), ([16, 3, 2020], 57252)]        599.54            9.8           0.94            61.16              ned                   0   [0.022, 0.033, 0.0]      [6.14, 38.04]                    5.5   
DIY                         22   [([12, 3, 2020], 57283), ([16, 3, 2020], 57283)]        149.64           13.5           0.64            11.08              ned                   0   [0.0, 0.0455, 0.0]     [10.86, 60.32]                   5.98   
sports                       7   [([12, 3, 2020], 57290), ([16, 3, 2020], 57290)]         16.86            4.0           0.74             4.21              ned                   0   [0.0, 0.0, 0.0]     [14.71, 90.43]                   4.19   
nottheonion                  2   [([12, 3, 2020], 57293), ([16, 3, 2020], 57293)]        2746.5           72.5            0.9            37.88             21.5                   0   [0.0, 0.0, 0.0]       [10.0, 74.5]                  194.5   
gadgets                      3   [([12, 3, 2020], 57294), ([16, 3, 2020], 57294)]       8043.67          136.0           0.78            59.14            22.67                   0   [0.3333, 0.3333, 0.0]       [12.0, 78.0]                 336.33   
television                  55   [([12, 3, 2020], 57298), ([16, 3, 2020], 57298)]       1404.98          59.13           0.66            23.76              ned                   0   [0.0, 0.0182, 0.0182]     [12.16, 71.95]                 226.08   
Documentaries                6   [([12, 3, 2020], 57325), ([16, 3, 2020], 57325)]       1892.67          71.67            0.6            26.41              ned                   0   [0.0, 0.3333, 0.0]    [18.33, 110.67]                 210.61   
photoshopbattles             32   [([12, 3, 2020], 57334), ([16, 3, 2020], 57334)]       1106.06          11.69           0.85            94.64              ned                   0   [0.0, 0.0, 0.0]      [6.41, 40.78]                  34.77   
listentothis                78   [([12, 3, 2020], 57344), ([16, 3, 2020], 57344)]         20.53           2.74            0.8             7.48              ned                   1   [0.0, 0.0, 0.0]      [8.32, 51.03]                    1.3   
UpliftingNews               31   [([12, 3, 2020], 57365), ([16, 3, 2020], 57365)]        641.55          29.61           0.92            21.66              ned                   0   [0.0, 0.0, 0.0]     [13.81, 86.65]                  32.53   
tifu                        50   [([12, 3, 2020], 57379), ([16, 3, 2020], 57379)]         522.9          22.56           0.71            23.18              ned                   0   [0.0, 0.02, 0.0]     [10.72, 54.68]                 112.43   
InternetIsBeautiful              1   [([12, 3, 2020], 57396), ([16, 3, 2020], 57396)]        5117.0          664.0           0.88             7.71              8.0                   0   [0.0, 0.0, 0.0]       [13.0, 71.0]                 613.67   
history                     10   [([12, 3, 2020], 57399), ([16, 3, 2020], 57399)]         139.0           20.3           0.59             6.85              ned                   0   [0.0, 0.0, 0.0]       [11.2, 67.9]                  34.43   
philosophy                   8   [([12, 3, 2020], 57403), ([16, 3, 2020], 57403)]        175.12           9.12           0.74            19.19              ned                   0   [0.0, 0.0, 0.0]      [12.12, 78.5]                  12.21   
Futurology                  24   [([12, 3, 2020], 57406), ([16, 3, 2020], 57406)]        107.54          19.96           0.72             5.39              ned                   0   [0.0, 0.0, 0.0]     [14.79, 88.96]                   7.87   
OldSchoolCool               97   [([12, 3, 2020], 57416), ([16, 3, 2020], 57416)]        1459.9          33.71           0.94            43.31            24.39                   0   [0.0, 0.0103, 0.0]     [11.01, 61.57]                  69.64   
WritingPrompts              87   [([12, 3, 2020], 57459), ([16, 3, 2020], 57459)]        164.31           5.07           0.89            32.41            10.62                   0   [0.0115, 0.0, 0.0]    [36.74, 206.39]                  18.51   
dataisbeautiful             56   [([12, 3, 2020], 57487), ([16, 3, 2020], 57487)]        376.11          34.21            0.8            10.99              ned                   0   [0.0, 0.0179, 0.0]     [12.54, 77.84]                   48.9   
personalfinance             85   [([12, 3, 2020], 57511), ([16, 3, 2020], 57511)]          7.11          11.05           0.82             0.64              ned                   0   [0.0, 0.0, 0.0]     [11.96, 65.19]                   6.04   
nosleep                     52   [([12, 3, 2020], 57569), ([16, 3, 2020], 57569)]        160.71           8.08           0.82             19.9              ned                   0   [0.0769, 0.0769, 0.0385]      [9.79, 49.85]                  11.32   
creepy                       2   [([12, 3, 2020], 57588), ([16, 3, 2020], 57588)]        1839.5           86.5            0.8            21.27             13.0                   0   [0.0, 0.0, 0.0]        [4.0, 19.5]                  44.34   
TwoXChromosomes             57   [([12, 3, 2020], 57589), ([16, 3, 2020], 57589)]        107.58          16.54           0.63              6.5              ned                   0   [0.0, 0.0, 0.0]     [10.81, 60.28]                  23.81   
