technology                  44   [([12, 3, 2020], 57633), ([16, 3, 2020], 57633)]       2076.52          55.64           0.77            37.32              ned                   0   [0.0, 0.0, 0.0]      [11.7, 76.02]                 158.75   
memes                       99   [([12, 3, 2020], 57652), ([16, 3, 2020], 57652)]      22876.18         151.95           0.96           150.55           202.18                   0   [0.202, 0.0505, 0.0]      [4.65, 23.94]                 219.43   
AdviceAnimals               61   [([12, 3, 2020], 57743), ([16, 3, 2020], 57743)]        213.39          19.56           0.76            10.91              ned                   0   [0.0, 0.0, 0.0164]     [10.05, 52.25]                   5.15   
Fitness                      2   [([12, 3, 2020], 57765), ([16, 3, 2020], 57765)]         110.0          350.0           0.88             0.31              3.5                   0   [0.0, 0.0, 0.0]        [8.5, 48.0]                    7.0   
wholesomememes              16   [([12, 3, 2020], 57768), ([16, 3, 2020], 57768)]       2551.56          17.38           0.98           146.85              ned                   0   [0.0, 0.0625, 0.0]      [6.44, 34.19]                  22.67   
WTF                         12   [([12, 3, 2020], 57773), ([16, 3, 2020], 57773)]       3088.83          106.5           0.84             29.0             9.25                   0   [0.0833, 0.0833, 0.0]     [11.83, 61.92]                 262.59   
politics                    95   [([12, 3, 2020], 57781), ([16, 3, 2020], 57781)]       7376.32         946.42           0.95             7.79            21.15                   0   [0.1368, 0.0632, 0.0]    [17.15, 109.21]                 432.06   
bestof                       9   [([12, 3, 2020], 57937), ([16, 3, 2020], 57937)]        451.22           21.0           0.67            21.49             7.22                   0   [0.0, 0.0, 0.0]     [19.11, 122.0]                  47.82   
interestingasfuck             92   [([12, 3, 2020], 57941), ([16, 3, 2020], 57941)]       3407.55          63.32           0.93            53.82            29.35                   0   [0.0217, 0.0217, 0.0]     [11.57, 67.85]                 150.58   
BlackPeopleTwitter             39   [([12, 3, 2020], 57994), ([16, 3, 2020], 57994)]       6055.85          65.51           0.96            92.44            60.77                   0   [0.0256, 0.0, 0.0]       [6.0, 31.33]                 231.48   
oddlysatisfying             96   [([12, 3, 2020], 58086), ([16, 3, 2020], 58086)]       2270.21          25.83           0.92            87.88              ned                   1   [0.0208, 0.0104, 0.0]       [6.34, 36.5]                  63.29   
travel                      18   [([12, 3, 2020], 58125), ([16, 3, 2020], 58125)]        240.06          20.06           0.68            11.97              ned                   0   [0.0, 0.0556, 0.0]     [11.67, 66.83]                   6.02   
leagueoflegends             85   [([12, 3, 2020], 58132), ([16, 3, 2020], 58132)]        403.44          51.21            0.8             7.88              ned                   0   [0.0824, 0.0353, 0.0]      [9.89, 54.74]                  92.39   
facepalm                    95   [([12, 3, 2020], 58271), ([16, 3, 2020], 58271)]       1049.74          27.34           0.89             38.4              ned                   0   [0.0, 0.0, 0.0]      [7.01, 38.33]                  44.87   
me_irl                      97   [([12, 3, 2020], 58308), ([16, 3, 2020], 58308)]       2058.03          17.29           0.95           119.04              ned                   0   [0.0103, 0.0103, 0.0]        [1.31, 6.0]                  65.15   
dankmemes                   99   [([12, 3, 2020], 58343), ([16, 3, 2020], 58343)]      20644.75         122.71           0.96           168.24           211.04                   0   [0.202, 0.1212, 0.0101]      [5.02, 26.01]                  259.6   
NatureIsFuckingLit             50   [([12, 3, 2020], 58428), ([16, 3, 2020], 58428)]        2243.5          33.78           0.94            66.42              ned                   0   [0.0, 0.02, 0.0]     [10.24, 58.04]                  46.34   
pcmasterrace                89   [([12, 3, 2020], 58448), ([16, 3, 2020], 58448)]        721.83          28.48           0.91            25.34            12.28                   0   [0.0112, 0.0225, 0.0]      [10.47, 54.7]                   21.9   
Tinder                      86   [([12, 3, 2020], 58486), ([16, 3, 2020], 58486)]       1012.21          18.79           0.91            53.87              ned                   0   [0.0, 0.0, 0.0]      [7.58, 39.23]                  45.06   
nba                         88   [([12, 3, 2020], 58515), ([16, 3, 2020], 58515)]       1112.62           79.0           0.92            14.08             8.57                   0   [0.1136, 0.0795, 0.0227]    [20.16, 119.24]                 274.89   
Whatcouldgowrong             16   [([12, 3, 2020], 58575), ([16, 3, 2020], 58575)]       7870.06         146.06           0.94            53.88            27.31                   0   [0.0, 0.0, 0.0]      [8.88, 46.12]                 387.21   
AnimalsBeingBros             32   [([12, 3, 2020], 58588), ([16, 3, 2020], 58588)]       1781.84          18.19            0.9            97.97              ned                   0   [0.0938, 0.0, 0.0]      [8.91, 46.59]                  45.38   
PS4                         73   [([12, 3, 2020], 58601), ([16, 3, 2020], 58601)]        138.07          16.78           0.61             8.23              ned                   0   [0.0, 0.0, 0.0]      [9.79, 56.82]                  12.25   
woahdude                    29   [([12, 3, 2020], 58634), ([16, 3, 2020], 58634)]        770.07          18.38           0.81             41.9              ned                   3   [0.0, 0.0, 0.0]       [8.14, 45.0]                  36.49   
tattoos                     56   [([12, 3, 2020], 58648), ([16, 3, 2020], 58648)]        324.46           5.88            0.9            55.23              ned                   0   [0.0, 0.0357, 0.0]     [13.21, 74.77]                   4.69   
AnimalsBeingJerks             28   [([12, 3, 2020], 58663), ([16, 3, 2020], 58663)]         485.5           5.54           0.87             87.7              ned                   0   [0.0, 0.0357, 0.0]      [7.36, 36.79]                  34.19   
BikiniBottomTwitter             48   [([12, 3, 2020], 58672), ([16, 3, 2020], 58672)]       1597.12           13.0           0.92           122.86              ned                   0   [0.0208, 0.0417, 0.0]       [5.17, 27.5]                  32.54   
reactiongifs                30   [([12, 3, 2020], 58688), ([16, 3, 2020], 58688)]         782.4          24.87           0.77            31.46              ned                   0   [0.0, 0.0, 0.0]       [13.5, 73.8]                  44.86   
Overwatch                   82   [([12, 3, 2020], 58700), ([16, 3, 2020], 58700)]        416.55           16.0           0.86            26.03              ned                   3   [0.061, 0.0366, 0.0]      [8.32, 43.35]                  32.95   
FoodPorn                    95   [([12, 3, 2020], 58732), ([16, 3, 2020], 58732)]        190.62           6.27            0.9            30.38              ned                   0   [0.0, 0.0, 0.0]      [8.03, 49.31]                   4.34   
relationship_advice             86   [([12, 3, 2020], 58758), ([16, 3, 2020], 58758)]        166.07          28.07           0.87             5.92             1.86                   0   [0.0, 0.0, 0.0]       [14.2, 76.3]                  69.22   
Unexpected                  66   [([12, 3, 2020], 58795), ([16, 3, 2020], 58795)]       2911.76          43.48            0.8            66.96              ned                   0   [0.0303, 0.0303, 0.0]      [6.02, 32.53]                 168.63   
Minecraft                   96   [([12, 3, 2020], 58824), ([16, 3, 2020], 58824)]       2587.91          47.85           0.97            54.08            37.94                  12   [0.1042, 0.0521, 0.0]     [11.27, 60.03]                  54.78   
PewdiepieSubmissions             90   [([12, 3, 2020], 58976), ([16, 3, 2020], 58976)]        4717.2          45.07           0.96           104.67              ned                   0   [0.0667, 0.0, 0.0]      [4.42, 22.57]                  61.27   
atheism                     84   [([12, 3, 2020], 59016), ([16, 3, 2020], 59016)]         439.3          25.42           0.86            17.28              ned                   0   [0.0119, 0.0, 0.0]      [15.81, 93.5]                  29.85   
gonewild                    93   [([12, 3, 2020], 59052), ([16, 3, 2020], 59052)]        645.01          29.12           0.99            22.15            19.71                   0   [0.1613, 0.2043, 0.0]      [8.69, 44.43]                   3.09   
programming                 44   [([12, 3, 2020], 59090), ([16, 3, 2020], 59090)]        145.16          17.89           0.52             8.12              ned                   0   [0.0, 0.0, 0.0]      [8.05, 47.07]                   22.8   
boardgames                  49   [([12, 3, 2020], 59106), ([16, 3, 2020], 59106)]         38.35          23.98           0.78              1.6              ned                   0   [0.0204, 0.0, 0.0]      [9.33, 55.47]                  14.71   
gardening                   85   [([12, 3, 2020], 59126), ([16, 3, 2020], 59126)]         88.47           7.42           0.96            11.92              ned                   0   [0.0118, 0.0, 0.0]     [12.39, 67.48]                   4.69   
instant_regret               6   [([12, 3, 2020], 59149), ([16, 3, 2020], 59149)]       7331.67         183.83           0.74            39.88              ned                   0   [0.0, 0.0, 0.0]       [6.17, 34.5]                 593.11   
dadjokes                    81   [([12, 3, 2020], 59156), ([16, 3, 2020], 59156)]        270.52           4.12           0.81             65.6              ned                   0   [0.0, 0.0, 0.0]      [10.2, 52.84]                  12.77   
gameofthrones               12   [([12, 3, 2020], 59176), ([16, 3, 2020], 59176)]        217.17          26.25           0.86             8.27             8.25                   0   [0.0, 0.0, 0.0]     [12.83, 75.25]                  41.92   
pokemongo                   78   [([12, 3, 2020], 59182), ([16, 3, 2020], 59182)]         58.95          15.74            0.7             3.74              ned                   0   [0.0, 0.0, 0.0]      [7.23, 39.86]                  11.69   
europe                      86   [([12, 3, 2020], 59209), ([16, 3, 2020], 59209)]       1018.67          48.27            0.9             21.1              ned                   0   [0.0, 0.0, 0.0]     [10.77, 65.47]                  58.11   
mildlyinfuriating             91   [([12, 3, 2020], 59368), ([16, 3, 2020], 59368)]        680.08          17.62           0.86            38.61              ned                   0   [0.011, 0.0, 0.0]      [9.99, 52.95]                  34.79   
pokemon                     84   [([12, 3, 2020], 59406), ([16, 3, 2020], 59406)]         500.6          15.93           0.95            31.43              ned                  11   [0.0238, 0.0, 0.0]       [8.26, 45.1]                  15.83   
Damnthatsinteresting             80   [([12, 3, 2020], 59438), ([16, 3, 2020], 59438)]        661.65          12.64           0.78            52.36              ned                   0   [0.0, 0.0, 0.0]      [11.3, 66.45]                  21.19   
Games                       26   [([12, 3, 2020], 59481), ([16, 3, 2020], 59481)]         445.0         116.85           0.79             3.81              ned                   0   [0.0, 0.0, 0.0]     [11.19, 65.77]                  80.37   
iphone                       4   [([12, 3, 2020], 59501), ([16, 3, 2020], 59501)]         576.5          67.25           0.81             8.57              ned                   0   [0.0, 0.0, 0.0]     [16.75, 92.75]                  77.33   
AnimalsBeingDerps             89   [([12, 3, 2020], 59504), ([16, 3, 2020], 59504)]        1082.1           10.9           0.95            99.29              ned                   0   [0.0, 0.0, 0.0]      [8.34, 42.01]                  30.09   
loseit                      48   [([12, 3, 2020], 59529), ([16, 3, 2020], 59529)]        114.25          11.88            0.8             9.62              ned                   0   [0.0208, 0.0208, 0.0]      [8.79, 49.35]                   6.98   
nonononoyes                 28   [([12, 3, 2020], 59549), ([16, 3, 2020], 59549)]        148.54           5.36           0.64            27.73              ned                   0   [0.0, 0.0, 0.0]      [5.86, 29.79]                  10.89   
itookapicture               96   [([12, 3, 2020], 59559), ([16, 3, 2020], 59559)]         74.45           2.08           0.93            35.73              ned                   0   [0.0104, 0.0104, 0.0]      [6.57, 31.73]                   0.27   
drawing                     94   [([12, 3, 2020], 59582), ([16, 3, 2020], 59582)]        256.52           6.71           0.95            38.21              ned                   0   [0.0106, 0.0319, 0.0]      [8.52, 47.39]                   4.15   
humor                        5   [([12, 3, 2020], 59608), ([16, 3, 2020], 59608)]         263.8           11.2           0.62            23.55              ned                   0   [0.0, 0.0, 0.0]        [8.2, 45.6]                  12.27   
CrappyDesign                55   [([12, 3, 2020], 59610), ([16, 3, 2020], 59610)]        283.07           7.65           0.73            36.98              ned                   0   [0.0, 0.0, 0.0]     [11.13, 58.33]                    8.3   
buildapc                    91   [([12, 3, 2020], 59625), ([16, 3, 2020], 59625)]         18.73          12.49           0.88              1.5              ned                   0   [0.0, 0.0, 0.0]      [7.68, 39.93]                   4.75   
Wellthatsucks               89   [([12, 3, 2020], 59655), ([16, 3, 2020], 59655)]       1733.03          69.72           0.88            24.86              ned                   0   [0.0225, 0.0449, 0.0112]     [14.16, 77.62]                 128.74   
GifRecipes                   1   [([12, 3, 2020], 59690), ([16, 3, 2020], 59690)]           6.0            2.0           0.58              3.0              3.0                   0   [0.0, 0.0, 0.0]        [7.0, 32.0]                   1.33   
BetterEveryLoop              3   [([12, 3, 2020], 59690), ([16, 3, 2020], 59690)]       5798.33          83.33           0.95            69.58            59.33                   0   [1.0, 0.0, 0.0]      [6.67, 35.67]                 212.89   
slowcooking                 13   [([12, 3, 2020], 59693), ([16, 3, 2020], 59693)]        139.15           6.23            0.8            22.33              ned                   0   [0.0, 0.0, 0.0]      [6.23, 35.92]                   3.59   
trashy                      33   [([12, 3, 2020], 59697), ([16, 3, 2020], 59697)]        735.21          50.06           0.88            14.69              ned                   0   [0.0, 0.0303, 0.0]      [9.67, 52.94]                  67.64   
WatchPeopleDieInside             11   [([12, 3, 2020], 59713), ([16, 3, 2020], 59713)]       5538.27          77.82           0.89            71.17            21.91                   0   [0.0909, 0.0, 0.0]      [8.55, 46.91]                 316.21   
Eyebleach                   94   [([12, 3, 2020], 59721), ([16, 3, 2020], 59721)]        824.03           8.04           0.97           102.46              ned                   0   [0.0, 0.0, 0.0]      [7.73, 38.62]                   9.35   
nfl                         85   [([12, 3, 2020], 59748), ([16, 3, 2020], 59748)]       1181.95         196.79           0.97             6.01             6.62                   0   [0.0235, 0.0118, 0.0]    [24.69, 142.86]                 465.72   
hiphopheads                 82   [([12, 3, 2020], 60171), ([16, 3, 2020], 60171)]        109.72           22.3           0.81             4.92              ned                   0   [0.0, 0.0, 0.0]      [8.61, 48.89]                  36.38   
confession                  11   [([12, 3, 2020], 60200), ([16, 3, 2020], 60200)]        196.27          28.36           0.69             6.92              ned                   0   [0.0, 0.0, 0.0]      [8.91, 41.82]                  55.42   
YouShouldKnow               11   [([12, 3, 2020], 60204), ([16, 3, 2020], 60204)]       2399.91          55.82           0.87             43.0              ned                   0   [0.0, 0.0, 0.0]    [25.91, 145.36]                  76.76   
offmychest                  92   [([12, 3, 2020], 60211), ([16, 3, 2020], 60211)]         63.15           7.74           0.93             8.16              ned                   0   [0.0, 0.0, 0.0]       [9.9, 50.64]                  10.18   
woodworking                 82   [([12, 3, 2020], 60238), ([16, 3, 2020], 60238)]         175.2          12.34           0.92             14.2              ned                   0   [0.0122, 0.0, 0.0]     [14.91, 82.66]                   12.0   
Parenting                   27   [([12, 3, 2020], 60262), ([16, 3, 2020], 60262)]         23.78           13.0           0.82             1.83              ned                   0   [0.037, 0.037, 0.0]      [8.07, 43.89]                  10.36   
nextfuckinglevel             52   [([12, 3, 2020], 60271), ([16, 3, 2020], 60271)]       6444.27          110.9           0.93            58.11              ned                   1   [0.0577, 0.0769, 0.0]     [11.17, 64.12]                 313.47   
RoastMe                     30   [([12, 3, 2020], 60303), ([16, 3, 2020], 60303)]        425.47         126.17           0.78             3.37              ned                   0   [0.0, 0.0, 0.0]      [15.83, 83.3]                 148.57   
xboxone                     86   [([12, 3, 2020], 60323), ([16, 3, 2020], 60323)]        380.33          36.19           0.78            10.51              ned                   0   [0.0233, 0.0, 0.0]     [10.34, 56.95]                   0.75   
MakeupAddiction             61   [([12, 3, 2020], 60362), ([16, 3, 2020], 60362)]        197.48           7.25           0.88            27.25              ned                   0   [0.0, 0.0, 0.0]      [9.41, 53.08]                   4.48   
ChoosingBeggars             21   [([12, 3, 2020], 60390), ([16, 3, 2020], 60390)]       1747.38          67.81           0.93            25.77            11.43                   0   [0.0476, 0.0, 0.0]     [13.24, 72.24]                 176.27   
PublicFreakout              48   [([12, 3, 2020], 60402), ([16, 3, 2020], 60402)]       2303.46         196.92           0.79             11.7              ned                   0   [0.1458, 0.1042, 0.0208]      [8.46, 49.15]                 358.03   
AmItheAsshole               91   [([12, 3, 2020], 60436), ([16, 3, 2020], 60436)]        612.82          90.76           0.88             6.75              2.9                   0   [0.0, 0.0, 0.0]     [12.51, 66.31]                 435.81   
ChildrenFallingOver              7   [([12, 3, 2020], 60497), ([16, 3, 2020], 60497)]        996.71           13.0           0.83            76.67              ned                   0   [0.0, 0.0, 0.0]      [7.71, 42.43]                  46.38   
cats                        97   [([12, 3, 2020], 60500), ([16, 3, 2020], 60500)]         799.7          13.94           0.98            57.38              ned                   1   [0.0412, 0.0, 0.0103]     [13.82, 69.74]                  19.25   
BeAmazed                    21   [([12, 3, 2020], 60530), ([16, 3, 2020], 60530)]       3009.86          63.48           0.89            47.42              ned                   0   [0.1429, 0.0952, 0.0476]      [12.24, 73.0]                 152.25   
pcgaming                    37   [([12, 3, 2020], 60540), ([16, 3, 2020], 60540)]        224.57          44.35            0.6             5.06              ned                   0   [0.0, 0.027, 0.0]     [11.22, 63.03]                  24.97   
HighQualityGifs              8   [([12, 3, 2020], 60560), ([16, 3, 2020], 60560)]       1260.12          11.12           0.88           113.27              ned                   0   [0.0, 0.125, 0.0]        [8.5, 43.0]                  25.42   
EatCheapAndHealthy             13   [([12, 3, 2020], 60563), ([16, 3, 2020], 60563)]         51.46          27.31           0.92             1.88             1.92                   0   [0.0, 0.0, 0.0]      [7.08, 40.54]                   18.9   
teenagers                   95   [([12, 3, 2020], 60568), ([16, 3, 2020], 60568)]        4586.0          87.76           0.96            52.26              ned                   0   [0.1158, 0.0316, 0.0105]      [8.99, 45.88]                 140.43   
cars                        38   [([12, 3, 2020], 60624), ([16, 3, 2020], 60624)]        157.87          37.26           0.74             4.24              ned                   0   [0.0, 0.0, 0.0]     [10.63, 59.55]                  40.83   
Roadcam                      6   [([12, 3, 2020], 60672), ([16, 3, 2020], 60672)]        258.83          34.83           0.87             7.43            12.83                   0   [0.0, 0.0, 0.0]     [11.17, 69.33]                  49.05   
NetflixBestOf               10   [([12, 3, 2020], 60674), ([16, 3, 2020], 60674)]         152.7           13.4           0.71             11.4              4.5                   0   [0.0, 0.0, 0.0]       [15.7, 94.2]                   18.0   
keto                        42   [([12, 3, 2020], 60678), ([16, 3, 2020], 60678)]          28.6          12.52            0.8             2.28              ned                   0   [0.0, 0.0, 0.0]      [6.86, 38.62]                   7.09   
raspberry_pi                 6   [([12, 3, 2020], 60692), ([16, 3, 2020], 60692)]        230.67           15.5           0.82            14.88              ned                   0   [0.0, 0.0, 0.0]     [14.67, 77.17]                    8.5   
AskMen                      86   [([12, 3, 2020], 60694), ([16, 3, 2020], 60694)]        143.88          67.53            0.7             2.13              ned                   0   [0.0, 0.0116, 0.0]     [13.84, 71.98]                  72.98   
HumansBeingBros             88   [([12, 3, 2020], 60789), ([16, 3, 2020], 60789)]       1548.18          17.89           0.96            86.56            26.57                   0   [0.0, 0.0, 0.0]     [16.01, 90.09]                  65.61   
HistoryPorn                  5   [([12, 3, 2020], 60821), ([16, 3, 2020], 60821)]        1985.8           67.4           0.91            29.46             16.0                   0   [0.0, 0.0, 0.0]      [19.4, 117.4]                  125.4   
MadeMeSmile                 89   [([12, 3, 2020], 60824), ([16, 3, 2020], 60824)]       1742.06           26.4           0.95            65.98              ned                   0   [0.0449, 0.0337, 0.0]     [12.12, 65.91]                   50.7   
NintendoSwitch              83   [([12, 3, 2020], 60856), ([16, 3, 2020], 60856)]        142.78          36.73           0.52             3.89              ned                   1   [0.0, 0.0, 0.0]      [10.0, 57.58]                  28.41   
backpacking                 10   [([12, 3, 2020], 60895), ([16, 3, 2020], 60895)]         158.1            9.9           0.83            15.97              ned                   0   [0.0, 0.0, 0.0]       [11.7, 69.5]                   4.17   
OutOfTheLoop                16   [([12, 3, 2020], 60898), ([16, 3, 2020], 60898)]        333.88          45.12           0.73              7.4              ned                   0   [0.0, 0.0, 0.0]      [9.75, 57.31]                 199.81   
RealGirls                   86   [([12, 3, 2020], 60905), ([16, 3, 2020], 60905)]        348.53          17.14           0.97            20.34            16.77                   0   [0.0116, 0.0465, 0.0]       [9.56, 47.0]                   1.42   
rickandmorty                70   [([12, 3, 2020], 60937), ([16, 3, 2020], 60937)]         38.87           3.16           0.78            12.31              ned                   1   [0.0, 0.0, 0.0]      [7.23, 38.34]                   1.13   
Cooking                     66   [([12, 3, 2020], 60955), ([16, 3, 2020], 60955)]         30.73           9.29           0.76             3.31              ned                   0   [0.0152, 0.0152, 0.0]     [10.33, 57.12]                   3.96   
streetwear                  82   [([12, 3, 2020], 60974), ([16, 3, 2020], 60974)]         57.89           3.09           0.78            18.76              ned                   0   [0.0, 0.0, 0.0]      [8.68, 50.56]                   2.05   
biology                     37   [([12, 3, 2020], 60995), ([16, 3, 2020], 60995)]        143.54           5.76           0.61            24.93              ned                   0   [0.0, 0.0, 0.0]      [12.0, 74.54]                   6.23   
IdiotsInCars                38   [([12, 3, 2020], 61006), ([16, 3, 2020], 61006)]       1970.03          59.11           0.87            33.33              ned                   0   [0.0, 0.0, 0.0]      [7.97, 42.71]                 162.03   
insanepeoplefacebook             91   [([12, 3, 2020], 61025), ([16, 3, 2020], 61025)]       1224.34          46.21           0.94             26.5              ned                   0   [0.011, 0.0, 0.0]      [8.67, 48.57]                  79.49   
MurderedByWords             65   [([12, 3, 2020], 61064), ([16, 3, 2020], 61064)]       1848.05          31.03           0.83            59.56              ned                   0   [0.0, 0.0, 0.0]      [7.34, 41.18]                  58.01   
frugalmalefashion              8   [([12, 3, 2020], 61115), ([16, 3, 2020], 61115)]        156.25          24.62           0.74             6.35              ned                   0   [0.0, 0.0, 0.0]       [8.0, 45.75]                  37.79   
DnD                         93   [([12, 3, 2020], 61119), ([16, 3, 2020], 61119)]        401.83          13.61            0.9            29.52              ned                  21   [0.0108, 0.0108, 0.0108]     [12.09, 68.97]                  10.81   
youseeingthisshit              2   [([12, 3, 2020], 61179), ([16, 3, 2020], 61179)]        1264.0           32.0           0.96             39.5             38.5                   0   [0.0, 0.0, 0.0]        [5.0, 29.0]                   60.0   
KidsAreFuckingStupid             24   [([12, 3, 2020], 61180), ([16, 3, 2020], 61180)]       2509.67          34.54           0.87            72.66              ned                   0   [0.0, 0.0, 0.0]      [10.0, 48.21]                 104.38   
recipes                     18   [([12, 3, 2020], 61190), ([16, 3, 2020], 61190)]         90.89           6.94            0.9            13.09             6.44                   0   [0.0, 0.0, 0.0]      [7.17, 42.11]                   4.44   
TrollYChromosome              5   [([12, 3, 2020], 61195), ([16, 3, 2020], 61195)]         227.4            3.8           0.85            59.84              ned                   0   [0.0, 0.0, 0.0]        [5.4, 30.4]                   1.67   
therewasanattempt             85   [([12, 3, 2020], 61197), ([16, 3, 2020], 61197)]       1242.93          20.85           0.82            59.62              ned                   0   [0.0, 0.0, 0.0]      [6.11, 32.55]                  47.73   
