mac                         62   [([12, 3, 2020], 61230), ([16, 3, 2020], 61230)]          29.1           5.98           0.87             4.86              ned                   0   [0.0, 0.0, 0.0]      [12.92, 69.1]                   3.17   
nevertellmetheodds             18   [([12, 3, 2020], 61247), ([16, 3, 2020], 61247)]        853.22           11.5            0.7            74.19              ned                   0   [0.0, 0.0, 0.0]      [9.44, 48.33]                   27.3   
MovieDetails                23   [([12, 3, 2020], 61253), ([16, 3, 2020], 61253)]       2357.61          57.83           0.78            40.77              ned                   0   [0.087, 0.0, 0.0]    [30.57, 177.35]                 182.56   
WhitePeopleTwitter             93   [([12, 3, 2020], 61265), ([16, 3, 2020], 61265)]       1736.61          27.04           0.96            64.22              ned                   0   [0.043, 0.0108, 0.0]      [4.77, 26.27]                   49.0   
NoStupidQuestions             90   [([12, 3, 2020], 61296), ([16, 3, 2020], 61296)]        559.19          47.37           0.89            11.81             2.81                   0   [0.0111, 0.0222, 0.0]      [14.76, 79.5]                  83.13   
trees                       93   [([12, 3, 2020], 61327), ([16, 3, 2020], 61327)]         413.1          18.01           0.95            22.94              ned                   0   [0.0, 0.0, 0.0]     [11.72, 61.51]                  23.87   
cursedcomments              93   [([12, 3, 2020], 61360), ([16, 3, 2020], 61360)]       1942.22          14.54           0.97            133.6            74.24                   0   [0.0, 0.0108, 0.0]       [1.39, 15.2]                  15.85   
ArtisanVideos                3   [([12, 3, 2020], 61390), ([16, 3, 2020], 61390)]        124.33           4.33            0.8            28.69            31.67                   0   [0.0, 0.0, 0.0]      [6.33, 41.33]                   2.78   
sex                         80   [([12, 3, 2020], 61391), ([16, 3, 2020], 61391)]         71.28          15.24           0.86             4.68             1.66                   0   [0.0, 0.0, 0.0]      [12.1, 63.04]                  17.81   
Awwducational                3   [([12, 3, 2020], 61417), ([16, 3, 2020], 61417)]       3686.67           43.0           0.95            85.74            61.33                   0   [0.0, 0.0, 0.0]    [40.67, 243.33]                   63.0   
battlestations              84   [([12, 3, 2020], 61419), ([16, 3, 2020], 61419)]        186.45          12.82           0.81            14.54              ned                   0   [0.0, 0.0, 0.0]      [9.87, 54.31]                    4.1   
electronicmusic             32   [([12, 3, 2020], 61445), ([16, 3, 2020], 61445)]          37.5           6.59           0.97             5.69              ned                   0   [0.0, 0.0, 0.0]      [9.72, 54.22]                   9.71   
Outdoors                    58   [([12, 3, 2020], 61454), ([16, 3, 2020], 61454)]         83.24           1.93           0.89            43.11              ned                   0   [0.0, 0.0, 0.0]      [10.17, 56.6]                   1.91   
socialskills                74   [([12, 3, 2020], 61469), ([16, 3, 2020], 61469)]         34.09           6.19           0.88             5.51              ned                   0   [0.0, 0.0, 0.0]     [10.45, 56.54]                   6.64   
HistoryMemes                99   [([12, 3, 2020], 61489), ([16, 3, 2020], 61489)]       2363.58          19.49           0.96           121.24              ned                   3   [0.0, 0.0101, 0.0]      [5.75, 31.22]                  58.83   
horror                      40   [([12, 3, 2020], 61527), ([16, 3, 2020], 61527)]        141.35          18.32           0.74             7.71              ned                   0   [0.0, 0.0, 0.0]       [11.4, 67.0]                  14.38   
whatisthisthing             82   [([12, 3, 2020], 61541), ([16, 3, 2020], 61541)]        109.23          14.93           0.86             7.32             1.71                   0   [0.0122, 0.0, 0.0]     [17.62, 91.98]                  21.88   
StarWars                    84   [([12, 3, 2020], 61567), ([16, 3, 2020], 61567)]        673.19          24.98           0.87            26.95              ned                   0   [0.0, 0.0, 0.0]     [12.38, 68.36]                  54.98   
coolguides                  50   [([12, 3, 2020], 61601), ([16, 3, 2020], 61601)]         974.2          45.24           0.85            21.53              ned                   0   [0.02, 0.04, 0.0]      [6.16, 36.26]                  46.08   
natureismetal               16   [([12, 3, 2020], 61620), ([16, 3, 2020], 61620)]       1657.38          35.38           0.94            46.85              ned                   0   [0.0, 0.0, 0.0]     [11.81, 65.38]                  78.52   
anime                       85   [([12, 3, 2020], 61628), ([16, 3, 2020], 61628)]        256.26          19.08           0.79            13.43              ned                   3   [0.0118, 0.0, 0.0]      [10.0, 60.91]                  15.33   
MealPrepSunday              51   [([12, 3, 2020], 61665), ([16, 3, 2020], 61665)]        129.55            6.1           0.86            21.24              ned                   0   [0.0, 0.0, 0.0]     [15.71, 89.73]                   6.31   
nsfw                        42   [([12, 3, 2020], 61688), ([16, 3, 2020], 61688)]        617.57           6.07           0.95           101.72            69.12                   0   [0.0238, 0.0, 0.0]      [3.74, 20.19]                   3.45   
NSFW_GIF                    27   [([12, 3, 2020], 61704), ([16, 3, 2020], 61704)]        520.15           8.26           0.92            62.98            55.52                   0   [0.0, 0.0, 0.0]      [4.15, 24.67]                   7.59   
holdthemoan                  6   [([12, 3, 2020], 61712), ([16, 3, 2020], 61712)]        945.83          20.33           0.89            46.52              ned                   0   [0.0, 0.0, 0.0]      [10.17, 54.5]                  16.17   
BustyPetite                 50   [([12, 3, 2020], 61715), ([16, 3, 2020], 61715)]         414.6           7.44           0.92            55.73              ned                   0   [0.0, 0.04, 0.0]        [4.7, 25.1]                   3.31   
cumsluts                    96   [([12, 3, 2020], 61730), ([16, 3, 2020], 61730)]        168.72            2.8           0.95            60.21              ned                   0   [0.0, 0.0, 0.0]      [5.71, 29.26]                   1.76   
PetiteGoneWild              91   [([12, 3, 2020], 61771), ([16, 3, 2020], 61771)]        252.62          10.81           0.97            23.36            19.49                   0   [0.011, 0.033, 0.0]       [9.74, 47.1]                   1.37   
adorableporn                56   [([12, 3, 2020], 61800), ([16, 3, 2020], 61800)]        317.89           6.36           0.91            50.01              ned                   0   [0.0, 0.0, 0.0179]      [8.09, 41.16]                   1.18   
nsfw_gifs                   51   [([12, 3, 2020], 61820), ([16, 3, 2020], 61820)]         149.8           2.86           0.85            52.33              ned                   0   [0.0, 0.0, 0.0]       [6.06, 33.0]                    1.1   
AsiansGoneWild              93   [([12, 3, 2020], 61839), ([16, 3, 2020], 61839)]        253.05          12.34           0.98             20.5            20.45                   0   [0.0323, 0.0645, 0.0]      [8.95, 42.92]                   1.38   
GirlsFinishingTheJob             28   [([12, 3, 2020], 61877), ([16, 3, 2020], 61877)]        302.86           4.96           0.91            61.01              ned                   0   [0.0, 0.0, 0.0]      [5.14, 29.21]                   3.76   
collegesluts                90   [([12, 3, 2020], 61886), ([16, 3, 2020], 61886)]        177.43            6.4           0.96            27.72              ned                   0   [0.0111, 0.0, 0.0]      [8.16, 42.38]                   1.27   
hentai                      98   [([12, 3, 2020], 61914), ([16, 3, 2020], 61914)]        1163.3          10.48           0.99           111.01           161.87                   0   [0.0, 0.0102, 0.0]      [4.34, 22.17]                    6.4   
TittyDrop                   51   [([12, 3, 2020], 61943), ([16, 3, 2020], 61943)]        355.67           9.12           0.92            39.01              ned                   0   [0.0196, 0.0392, 0.0]      [6.55, 33.98]                    3.5   
porninfifteenseconds             10   [([12, 3, 2020], 61960), ([16, 3, 2020], 61960)]         417.3            5.3           0.94            78.74             61.9                   0   [0.0, 0.0, 0.0]        [8.6, 48.1]                   5.87   
porn                        80   [([12, 3, 2020], 61963), ([16, 3, 2020], 61963)]        105.41           5.11           0.92            20.62            21.69                   0   [0.0, 0.0, 0.0]      [6.51, 46.52]                   0.69   
ass                         67   [([12, 3, 2020], 61990), ([16, 3, 2020], 61990)]        128.16           3.16           0.92             40.5              ned                   0   [0.0, 0.0, 0.0]      [4.28, 21.75]                   2.96   
pawg                        15   [([12, 3, 2020], 62010), ([16, 3, 2020], 62010)]         444.8           6.33           0.94            70.23              ned                   0   [0.0, 0.0, 0.0]       [4.4, 23.33]                   2.38   
milf                        32   [([12, 3, 2020], 62014), ([16, 3, 2020], 62014)]        298.34          21.34           0.94            13.98            13.38                   0   [0.0, 0.0, 0.0]      [9.78, 48.41]                   1.23   
NSFWFunny                   16   [([12, 3, 2020], 62028), ([16, 3, 2020], 62028)]        443.88          20.44           0.85            21.72             32.0                   0   [0.0, 0.0, 0.0]      [7.88, 40.62]                  35.15   
OnOff                       38   [([12, 3, 2020], 62033), ([16, 3, 2020], 62033)]        133.03           4.05           0.91            32.82              ned                   0   [0.0, 0.0, 0.0]      [4.42, 22.21]                   0.57   
