Europe                      75   [([10, 3, 2020], 41303), ([14, 3, 2020], 41303)]        294.88          24.61           0.85            11.98              ned                   3   [0.0267, 0.0133, 0.0]     [10.99, 69.19]                  28.32   
14_03_2020_19     num_of_posts                                           datetime   avg_upvotes   avg_comments   avg_ud_ratio   avg_uc_ratio_1   avg_uc_ratio_2   num_of_oc_content              avg_awards   avg_title_length   avg_u_top10_comments   
Austria                     76   [([10, 3, 2020], 41368), ([14, 3, 2020], 41368)]         75.51          13.14           0.78             5.74              ned                   0   [0.0, 0.0263, 0.0132]       [7.5, 50.66]                  13.16   
Albania                      8   [([10, 3, 2020], 41395), ([14, 3, 2020], 41395)]         45.12            9.5            0.7             4.75              ned                   0   [0.0, 0.0, 0.0]      [8.62, 49.75]                   6.12   
Belgium                     22   [([10, 3, 2020], 41398), ([14, 3, 2020], 41398)]         77.32          21.77           0.73             3.55              ned                   0   [0.0, 0.0, 0.0]      [8.77, 53.68]                   8.88   
slovenia                    21   [([10, 3, 2020], 41407), ([14, 3, 2020], 41407)]         74.57          14.38           0.91             5.19              ned                   0   [0.0, 0.0, 0.0]       [6.48, 41.0]                  10.57   
Croatia                     55   [([10, 3, 2020], 41416), ([14, 3, 2020], 41416)]         58.04          23.05           0.79             2.52              ned                   0   [0.0, 0.0, 0.0]      [6.27, 38.71]                  20.75   
France                      86   [([10, 3, 2020], 41438), ([14, 3, 2020], 41438)]        117.91           34.2           0.82             3.45              ned                   0   [0.0, 0.0, 0.0]      [11.5, 70.31]                  17.96   
Germany                     16   [([10, 3, 2020], 41478), ([14, 3, 2020], 41478)]         15.06          10.38           0.63             1.45              ned                   0   [0.0, 0.0, 0.0]      [6.62, 39.81]                  10.83   
Ireland                     89   [([10, 3, 2020], 41483), ([14, 3, 2020], 41483)]        243.43          32.72           0.87             7.44              ned                   0   [0.0112, 0.0225, 0.0]     [10.38, 58.85]                  30.77   
thenetherlands               5   [([10, 3, 2020], 41521), ([14, 3, 2020], 41521)]         143.0          164.4           0.87             0.87              1.6                   0   [0.0, 0.0, 0.0]       [11.0, 76.2]                  63.53   
unitedkingdom               35   [([10, 3, 2020], 41526), ([14, 3, 2020], 41526)]        119.37         107.83           0.79             1.11              ned                   0   [0.0571, 0.0286, 0.0]     [10.63, 63.11]                   41.6   
Switzerland                 15   [([10, 3, 2020], 41552), ([14, 3, 2020], 41552)]         48.13           12.2           0.86             3.95              ned                   0   [0.0, 0.0, 0.0]      [11.73, 72.6]                   0.64   
Slovakia                    15   [([10, 3, 2020], 41557), ([14, 3, 2020], 41557)]         24.27           6.53           0.77             3.71              ned                   0   [0.0, 0.0, 0.0]       [4.93, 29.4]                    5.4   
Russia                      19   [([10, 3, 2020], 41562), ([14, 3, 2020], 41562)]         31.84           3.79           0.72              8.4              ned                   0   [0.0, 0.0, 0.0]     [13.37, 81.53]                   2.42   
NYC                         66   [([10, 3, 2020], 41573), ([14, 3, 2020], 41573)]        118.64          48.65           0.74             2.44              ned                   0   [0.0, 0.0152, 0.0]     [10.17, 56.68]                  38.53   
Seattle                     46   [([10, 3, 2020], 41609), ([14, 3, 2020], 41609)]         53.33          10.93           0.73             4.88              ned                   0   [0.0217, 0.0, 0.0]      [9.89, 59.65]                   8.06   
Chicago                     19   [([10, 3, 2020], 41632), ([14, 3, 2020], 41632)]        193.74          53.79           0.85              3.6             9.26                   0   [0.0, 0.0, 0.0]      [12.16, 68.0]                  30.11   
Toronto                     44   [([10, 3, 2020], 41643), ([14, 3, 2020], 41643)]        185.23          54.45           0.85              3.4              ned                   0   [0.0, 0.0227, 0.0227]     [12.05, 74.16]                  46.77   
LosAngeles                  19   [([10, 3, 2020], 41667), ([14, 3, 2020], 41667)]        248.16          31.74           0.86             7.82              ned                   0   [0.0, 0.0526, 0.0]      [9.05, 49.32]                  27.03   
Portland                    76   [([10, 3, 2020], 41675), ([14, 3, 2020], 41675)]        150.09          27.82           0.86              5.4             6.42                   0   [0.0, 0.0132, 0.0]     [11.07, 63.93]                  24.09   
Boston                      41   [([10, 3, 2020], 41708), ([14, 3, 2020], 41708)]          88.9          25.93           0.84             3.43              ned                   0   [0.0, 0.0, 0.0]      [11.0, 63.78]                  27.02   
Austin                      54   [([10, 3, 2020], 41724), ([14, 3, 2020], 41724)]        130.09          26.02           0.79              5.0              ned                   0   [0.0, 0.037, 0.0]       [9.78, 56.8]                  20.28   
SanFrancisco                29   [([10, 3, 2020], 41744), ([14, 3, 2020], 41744)]        112.93          17.76            0.8             6.36              ned                   0   [0.0, 0.0345, 0.0]     [10.48, 61.55]                  15.37   
Vancouver                   78   [([10, 3, 2020], 41754), ([14, 3, 2020], 41754)]          83.6          29.27           0.73             2.86              ned                   0   [0.0, 0.0, 0.0]     [10.76, 63.15]                  23.85   
WashingtonDC                18   [([10, 3, 2020], 41784), ([14, 3, 2020], 41784)]        151.06          38.56           0.87             3.92              ned                   0   [0.0, 0.0, 0.0]      [8.89, 56.39]                  28.08   
Houston                     35   [([10, 3, 2020], 41792), ([14, 3, 2020], 41792)]        129.03          42.03           0.74             3.07              ned                   0   [0.0, 0.0, 0.0]     [11.49, 67.54]                  35.37   
Atlanta                     14   [([10, 3, 2020], 41808), ([14, 3, 2020], 41808)]        199.21          39.86           0.88              5.0              ned                   0   [0.0, 0.0, 0.0]        [7.0, 45.0]                  27.67   
Philadelphia                30   [([10, 3, 2020], 41817), ([14, 3, 2020], 41817)]        137.93          34.57           0.75             3.99              ned                   0   [0.0, 0.0333, 0.0]       [8.4, 51.47]                  29.67   
Denver                      17   [([10, 3, 2020], 41830), ([14, 3, 2020], 41830)]        145.88          33.88           0.72             4.31              ned                   0   [0.0588, 0.0, 0.0]      [9.53, 59.47]                  23.96   
Melbourne                   41   [([10, 3, 2020], 41838), ([14, 3, 2020], 41838)]         82.17          24.71           0.75             3.33              ned                   0   [0.0, 0.0488, 0.0]      [8.93, 51.05]                  16.16   
SanDiego                    72   [([10, 3, 2020], 41854), ([14, 3, 2020], 41854)]         59.75          11.54           0.79             5.18              ned                   0   [0.0278, 0.0139, 0.0]     [10.74, 61.83]                  11.58   
Dallas                      16   [([10, 3, 2020], 41875), ([14, 3, 2020], 41875)]        120.62          11.19           0.84            10.78              ned                   0   [0.0, 0.0, 0.0]     [10.25, 64.56]                  10.71   
Montreal                     5   [([10, 3, 2020], 41879), ([14, 3, 2020], 41879)]         328.6           50.0           0.81             6.57              ned                   0   [0.4, 0.4, 0.4]        [5.2, 34.6]                  38.93   
Sydney                      36   [([10, 3, 2020], 41882), ([14, 3, 2020], 41882)]         91.81          28.64           0.67             3.21              ned                   0   [0.0278, 0.0, 0.0]      [8.89, 52.64]                  26.37   
Pittsburgh                  26   [([10, 3, 2020], 41896), ([14, 3, 2020], 41896)]         89.73          25.92           0.76             3.46              ned                   0   [0.0, 0.0, 0.0]     [10.88, 64.85]                  18.51   
Calgary                     81   [([10, 3, 2020], 41916), ([14, 3, 2020], 41916)]         73.09          25.15           0.73             2.91              ned                   1   [0.0, 0.0123, 0.0]      [10.48, 61.9]                   19.8   
Baltimore                   19   [([10, 3, 2020], 41951), ([14, 3, 2020], 41951)]         50.21           8.21           0.85             6.12              ned                   0   [0.0, 0.0, 0.0]     [10.84, 66.63]                    6.3   
StLouis                     42   [([10, 3, 2020], 41957), ([14, 3, 2020], 41957)]         68.98          21.52           0.74              3.2              ned                   0   [0.0, 0.0, 0.0]       [9.9, 55.83]                   1.18   
funny                       96   [([10, 3, 2020], 41971), ([14, 3, 2020], 41971)]        6629.2         112.44           0.91            58.96            56.11                   0   [0.125, 0.0625, 0.0104]      [6.58, 37.26]                  207.0   
AskReddit                   96   [([10, 3, 2020], 42032), ([14, 3, 2020], 42032)]        1860.7         665.28           0.82              2.8             0.71                   0   [0.0521, 0.0312, 0.0]     [14.51, 77.73]                1083.06   
gaming                      86   [([10, 3, 2020], 42139), ([14, 3, 2020], 42139)]       3117.59          48.84           0.88            63.84              ned                   0   [0.0581, 0.0349, 0.0]      [9.95, 52.43]                  78.11   
pics                        93   [([10, 3, 2020], 42179), ([14, 3, 2020], 42179)]       6578.31         241.19            0.9            27.27              ned                   1   [0.1505, 0.1183, 0.0108]     [10.09, 55.35]                 303.45   
aww                        100   [([10, 3, 2020], 42239), ([14, 3, 2020], 42239)]       9026.25          84.47           0.98           106.86           108.99                   0   [0.1, 0.07, 0.0]      [8.89, 46.21]                 246.21   
science                     16   [([10, 3, 2020], 42301), ([14, 3, 2020], 42301)]        546.19          18.88           0.81            28.94            17.25                   0   [0.0, 0.0, 0.0]     [31.06, 204.0]                  15.15   
worldnews                   93   [([10, 3, 2020], 42313), ([14, 3, 2020], 42313)]       5119.98         327.22           0.93            15.65            14.82                   0   [0.0968, 0.043, 0.0323]     [14.71, 94.29]                 630.54   
Music                       92   [([10, 3, 2020], 42401), ([14, 3, 2020], 42401)]        175.35           11.3           0.83            15.51              ned                   1   [0.0109, 0.0, 0.0]      [9.54, 55.01]                  14.41   
movies                      83   [([10, 3, 2020], 42431), ([14, 3, 2020], 42431)]        641.08          57.71           0.64            11.11              ned                   0   [0.0, 0.0, 0.0]     [11.14, 63.95]                 108.15   
videos                      91   [([10, 3, 2020], 42471), ([14, 3, 2020], 42471)]        462.22          47.79           0.77             9.67              ned                   0   [0.044, 0.022, 0.011]     [10.68, 60.96]                  39.31   
todayilearned               88   [([10, 3, 2020], 42515), ([14, 3, 2020], 42515)]       1165.95          46.81           0.88            24.91              ned                   0   [0.0, 0.0114, 0.0]    [31.41, 183.06]                  116.9   
news                        15   [([10, 3, 2020], 42613), ([14, 3, 2020], 42613)]       9178.27          474.0           0.92            19.36             10.4                   0   [0.0667, 0.0, 0.0]       [9.67, 61.6]                1603.71   
gifs                        63   [([10, 3, 2020], 42633), ([14, 3, 2020], 42633)]        3777.3         123.03           0.73             30.7              ned                   2   [0.0476, 0.0159, 0.0]      [6.97, 39.75]                 289.96   
Showerthoughts              88   [([10, 3, 2020], 42664), ([14, 3, 2020], 42664)]       1162.07          33.19           0.89            35.01              ned                   0   [0.0, 0.0114, 0.0]      [17.52, 98.3]                  75.89   
EarthPorn                   59   [([10, 3, 2020], 42695), ([14, 3, 2020], 42695)]        936.07           8.78           0.92           106.62              ned                  58   [0.0, 0.0169, 0.0]     [11.44, 72.54]                    4.1   
askscience                  20   [([10, 3, 2020], 42712), ([14, 3, 2020], 42712)]         469.4           48.0           0.79             9.78              ned                   0   [0.0, 0.0, 0.0]     [17.15, 94.85]                 100.92   
Jokes                       93   [([10, 3, 2020], 42719), ([14, 3, 2020], 42719)]        675.91          19.62           0.83            34.44              ned                   0   [0.0538, 0.0108, 0.0108]     [10.66, 55.16]                   46.2   
food                       100   [([10, 3, 2020], 42747), ([14, 3, 2020], 42747)]        565.31          14.96           0.93            37.79              ned                   3   [0.01, 0.01, 0.0]      [6.46, 44.28]                  10.08   
explainlikeimfive             37   [([10, 3, 2020], 42778), ([14, 3, 2020], 42778)]        438.35          44.38           0.72             9.88              ned                   0   [0.0, 0.0, 0.0]     [13.08, 71.59]                   0.74   
books                       33   [([10, 3, 2020], 42791), ([14, 3, 2020], 42791)]        684.73          40.94            0.7            16.73              ned                   0   [0.0303, 0.0, 0.0]     [11.73, 68.64]                  73.53   
blog                         1   [([10, 3, 2020], 42806), ([14, 3, 2020], 42806)]       22660.0         2538.0           0.86             8.93              9.0                   0   [7.0, 2.0, 2.0]        [3.0, 14.0]                 1986.0   
LifeProTips                 46   [([10, 3, 2020], 42810), ([14, 3, 2020], 42810)]        218.67          13.24           0.75            16.52              ned                   0   [0.0217, 0.0, 0.0]    [21.24, 114.63]                  14.35   
mildlyinteresting             86   [([10, 3, 2020], 42824), ([14, 3, 2020], 42824)]       1047.14          30.69           0.89            34.12              ned                  86   [0.0, 0.0, 0.0]      [10.86, 60.2]                  52.22   
Art                         94   [([10, 3, 2020], 42857), ([14, 3, 2020], 42857)]        908.77          13.06           0.95            69.56              ned                   0   [0.0638, 0.0745, 0.0106]      [5.86, 37.04]                   8.83   
DIY                          8   [([10, 3, 2020], 42884), ([14, 3, 2020], 42884)]         749.5          24.38           0.77            30.75              ned                   0   [0.0, 0.125, 0.0]       [8.75, 50.5]                  27.92   
sports                      22   [([10, 3, 2020], 42887), ([14, 3, 2020], 42887)]       1135.55          46.68           0.77            24.33              ned                   0   [0.0455, 0.0, 0.0]     [11.82, 71.27]                 124.18   
nottheonion                 14   [([10, 3, 2020], 42898), ([14, 3, 2020], 42898)]       4064.14          69.64           0.79            58.36              ned                   0   [0.0, 0.0714, 0.0]      [9.93, 61.64]                 488.24   
gadgets                      1   [([10, 3, 2020], 42906), ([14, 3, 2020], 42906)]          12.0            6.0           0.69              2.0              2.0                   0   [0.0, 0.0, 0.0]        [6.0, 42.0]                    1.0   
television                  55   [([10, 3, 2020], 42906), ([14, 3, 2020], 42906)]        945.62          51.05           0.72            18.52              ned                   0   [0.0364, 0.0182, 0.0]     [11.24, 68.91]                  62.96   
Documentaries               16   [([10, 3, 2020], 42929), ([14, 3, 2020], 42929)]        236.75          11.19           0.71            21.16              ned                   0   [0.0, 0.0, 0.0]    [22.69, 139.94]                   9.75   
photoshopbattles             36   [([10, 3, 2020], 42935), ([14, 3, 2020], 42935)]        800.03          14.47           0.77            55.28              ned                   0   [0.0, 0.0278, 0.0]      [6.19, 39.39]                   35.0   
listentothis                84   [([10, 3, 2020], 42946), ([14, 3, 2020], 42946)]         12.64           1.01           0.79            12.49              ned                   0   [0.0, 0.0, 0.0]      [8.39, 51.08]                   0.48   
UpliftingNews               37   [([10, 3, 2020], 42966), ([14, 3, 2020], 42966)]       1950.92          51.24           0.92            38.07              ned                   0   [0.0, 0.0, 0.0]    [17.03, 106.35]                  94.98   
tifu                        48   [([10, 3, 2020], 42983), ([14, 3, 2020], 42983)]        512.48          20.71           0.77            24.75              ned                   0   [0.0417, 0.0, 0.0]      [8.77, 47.42]                 101.15   
InternetIsBeautiful              1   [([10, 3, 2020], 42999), ([14, 3, 2020], 42999)]        5092.0          659.0           0.88             7.73              8.0                   0   [0.0, 0.0, 0.0]       [13.0, 71.0]                 612.67   
history                     23   [([10, 3, 2020], 43003), ([14, 3, 2020], 43003)]        184.09          16.96           0.63            10.86              ned                   0   [0.0, 0.0, 0.0]       [9.43, 56.3]                   24.0   
philosophy                   4   [([10, 3, 2020], 43011), ([14, 3, 2020], 43011)]         342.5          19.75           0.73            17.34              ned                   0   [0.0, 0.0, 0.0]      [16.25, 96.5]                  11.33   
Futurology                  19   [([10, 3, 2020], 43013), ([14, 3, 2020], 43013)]        783.84          41.53           0.75            18.88              ned                   0   [0.0, 0.0, 0.0]    [17.26, 107.53]                  98.18   
OldSchoolCool               90   [([10, 3, 2020], 43021), ([14, 3, 2020], 43021)]       1093.48          32.98           0.92            33.16              ned                   0   [0.0111, 0.0111, 0.0]     [12.44, 68.92]                  50.76   
WritingPrompts              86   [([10, 3, 2020], 43054), ([14, 3, 2020], 43054)]        132.38            5.5           0.88            24.07             7.99                   0   [0.0, 0.0, 0.0]    [35.72, 198.09]                   7.63   
dataisbeautiful             36   [([10, 3, 2020], 43077), ([14, 3, 2020], 43077)]       1496.28          63.25           0.79            23.66              ned                   0   [0.0833, 0.0556, 0.0]     [13.78, 84.56]                  94.63   
personalfinance             71   [([10, 3, 2020], 43094), ([14, 3, 2020], 43094)]          8.55          12.17           0.85              0.7             0.73                   0   [0.0, 0.0, 0.0]     [11.52, 62.65]                   6.41   
nosleep                     50   [([10, 3, 2020], 43133), ([14, 3, 2020], 43133)]        112.84            7.3           0.82            15.46              ned                   0   [0.0, 0.02, 0.02]     [10.58, 54.58]                   8.35   
TwoXChromosomes             61   [([10, 3, 2020], 43148), ([14, 3, 2020], 43148)]        549.85          36.67           0.65            14.99              ned                   0   [0.0164, 0.0, 0.0]     [11.36, 62.41]                  114.1   
