Philadelphia               100   [([26, 3, 2020], 46866), ([30, 3, 2020], 50466)]       3441.65          215.9           0.95            15.94            23.78                   0   [0.22, 0.26, 0.03]       [9.1, 49.21]                 244.38   
Denver                     100   [([26, 3, 2020], 46995), ([30, 3, 2020], 50595)]        3814.5         300.92           0.94            12.68            22.18                   0   [0.17, 0.18, 0.02]     [12.17, 68.07]                 255.46   
Melbourne                  100   [([26, 3, 2020], 47171), ([30, 3, 2020], 50771)]       4519.74         306.04           0.95            14.77            23.73                   0   [0.39, 0.27, 0.06]      [9.39, 53.24]                 343.43   
SanDiego                   100   [([26, 3, 2020], 47343), ([30, 3, 2020], 50943)]        2033.2         136.69           0.96            14.87            18.61                   0   [0.17, 0.14, 0.0]     [10.71, 58.72]                 147.48   
Dallas                     100   [([26, 3, 2020], 47457), ([30, 3, 2020], 51057)]       2282.35         231.06           0.95             9.88            18.46                   1   [0.15, 0.18, 0.02]      [11.67, 63.7]                 174.58   
Montreal                   100   [([26, 3, 2020], 47590), ([30, 3, 2020], 51190)]        814.26          73.79           0.98            11.03            17.63                   1   [0.07, 0.07, 0.04]     [10.58, 60.36]                  54.65   
Sydney                     100   [([26, 3, 2020], 47663), ([30, 3, 2020], 51263)]       2654.99         173.55           0.96             15.3            23.49                   0   [0.33, 0.24, 0.03]     [10.35, 58.02]                 195.86   
Pittsburgh                 100   [([26, 3, 2020], 47796), ([30, 3, 2020], 51396)]       1470.98         142.55           0.95            10.32            21.07                   0   [0.28, 0.3, 0.16]      [10.1, 57.74]                 154.04   
Calgary                    100   [([26, 3, 2020], 47959), ([30, 3, 2020], 51559)]       1284.96         115.51           0.96            11.12            17.42                   1   [0.16, 0.1, 0.01]     [10.71, 59.68]                 116.54   
Baltimore                  100   [([26, 3, 2020], 48061), ([30, 3, 2020], 51661)]        724.42          97.02           0.97             7.47            18.26                   0   [0.03, 0.11, 0.01]      [9.38, 53.97]                  83.63   
StLouis                    100   [([26, 3, 2020], 48135), ([30, 3, 2020], 51735)]       1674.18         110.49           0.96            15.15             23.9                   0   [0.14, 0.13, 0.01]     [10.03, 54.58]                  81.94   
funny                      100   [([26, 3, 2020], 48232), ([30, 3, 2020], 51832)]     159531.15         2796.7           0.93            57.04            73.13                   0   [3.81, 2.77, 0.44]     [11.04, 59.16]                12044.3   
AskReddit                  100   [([26, 3, 2020], 48624), ([30, 3, 2020], 52224)]      99847.74       16270.54           0.87             6.14              ned                   0   [12.64, 4.0, 1.15]    [20.64, 112.27]               24737.73   
gaming                     100   [([26, 3, 2020], 49034), ([30, 3, 2020], 52634)]     139677.15        3314.85           0.91            42.14            58.83                   0   [4.65, 3.61, 1.0]     [11.13, 59.84]               11397.71   
pics                       100   [([26, 3, 2020], 49412), ([30, 3, 2020], 53012)]     177228.84        4125.44           0.92            42.96           845.82                   0   [11.82, 8.76, 2.63]     [15.99, 88.03]               11986.72   
aww                        100   [([26, 3, 2020], 49799), ([30, 3, 2020], 53399)]     149673.44        1741.65           0.95            85.94           100.25                   4   [5.9, 3.13, 0.8]     [14.53, 74.88]                9389.11   
science                    100   [([26, 3, 2020], 50158), ([30, 3, 2020], 53758)]       79035.0        3481.93           0.89             22.7            29.84                   0   [1.25, 1.07, 0.19]    [35.17, 218.36]                4868.46   
