Showerthoughts             100   [([26, 3, 2020], 54185), ([30, 3, 2020], 57785)]     112571.12        2380.17           0.92             47.3            58.91                   0   [2.46, 1.5, 0.26]     [23.28, 129.4]               10967.89   
EarthPorn                  100   [([26, 3, 2020], 54562), ([30, 3, 2020], 58162)]      61203.77         749.41           0.92            81.67             94.0                  37   [0.46, 0.7, 0.11]    [16.96, 102.01]                1008.97   
askscience                 100   [([26, 3, 2020], 54870), ([30, 3, 2020], 58470)]      20270.21        1245.15           0.89            16.28             20.2                   0   [0.3, 0.19, 0.04]    [21.79, 120.59]                4522.69   
Jokes                      100   [([26, 3, 2020], 55159), ([30, 3, 2020], 58759)]      63040.07        1293.66           0.86            48.73            62.79                   0   [1.59, 1.93, 0.29]     [13.34, 72.38]                7750.49   
food                       100   [([26, 3, 2020], 55480), ([30, 3, 2020], 59080)]      38698.11         692.95            0.9            55.85            69.71                   1   [0.33, 0.26, 0.03]      [5.61, 38.22]                 1379.7   
explainlikeimfive            100   [([26, 3, 2020], 55759), ([30, 3, 2020], 59359)]      23399.45        1591.62           0.88             14.7            18.32                   0   [0.15, 0.19, 0.0]    [22.75, 127.93]                6476.73   
books                      100   [([26, 3, 2020], 56106), ([30, 3, 2020], 59706)]      39299.25        1648.97           0.87            23.83            36.09                   0   [0.38, 0.54, 0.06]    [18.94, 110.04]                3502.51   
blog                       100   [([26, 3, 2020], 56464), ([30, 3, 2020], 60064)]      14918.46        2174.94           0.82             6.86             8.59                   0   [0.16, 1.08, 0.06]     [11.32, 66.48]                1605.11   
LifeProTips                100   [([26, 3, 2020], 56831), ([30, 3, 2020], 60431)]       68921.9        2156.97           0.89            31.95            38.01                   0   [2.71, 1.9, 0.43]    [33.75, 182.05]                5670.89   
mildlyinteresting            100   [([26, 3, 2020], 57206), ([30, 3, 2020], 60806)]     112772.75         2204.4           0.93            51.16            67.61                  48   [1.51, 0.95, 0.21]     [11.86, 63.71]                8592.89   
Art                        100   [([26, 3, 2020], 57563), ([30, 3, 2020], 61163)]      58411.02         845.47           0.92            69.09             85.4                   5   [2.73, 2.0, 0.55]      [6.94, 44.13]                1807.65   
