PublicFreakout             100   [([27, 3, 2020], 79), ([31, 3, 2020], 3679)]      81837.89        4553.79           0.92            17.97            27.61                   2   [6.2, 2.78, 0.54]      [13.66, 78.6]                8404.11   
AmItheAsshole              100   [([27, 3, 2020], 417), ([31, 3, 2020], 4017)]      38103.71         3561.2            0.9             10.7           796.39                   0   [4.45, 2.34, 0.67]     [15.44, 83.51]               12577.34   
ChildrenFallingOver            100   [([27, 3, 2020], 730), ([31, 3, 2020], 4330)]      20606.13         259.58           0.93            79.38            92.12                   0   [0.05, 0.13, 0.01]      [5.74, 30.93]                1102.79   
cats                       100   [([27, 3, 2020], 900), ([31, 3, 2020], 4500)]      21651.08         320.05           0.99            67.65            82.17                   0   [1.71, 0.95, 0.09]      [16.9, 85.34]                  855.2   
BeAmazed                   100   [([27, 3, 2020], 1081), ([31, 3, 2020], 4681)]      70164.56        1197.12           0.93            58.61            74.61                   1   [2.05, 1.0, 0.24]      [8.98, 49.48]                3713.04   
pcgaming                   100   [([27, 3, 2020], 1389), ([31, 3, 2020], 4989)]      19145.73        1876.96            0.9             10.2            13.28                   0   [1.14, 0.88, 0.3]    [17.67, 105.15]                2737.39   
HighQualityGifs            100   [([27, 3, 2020], 1724), ([31, 3, 2020], 5324)]      55315.94         702.51           0.89            78.74           108.99                   0   [2.41, 3.51, 0.56]      [8.89, 46.59]                2588.35   
EatCheapAndHealthy            100   [([27, 3, 2020], 2002), ([31, 3, 2020], 5602)]       4478.54         351.66           0.96            12.74            20.68                   1   [0.25, 0.25, 0.03]     [17.62, 97.73]                 459.65   
teenagers                  100   [([27, 3, 2020], 2166), ([31, 3, 2020], 5766)]      83024.64        1383.32           0.94            60.02            92.63                   0   [7.4, 2.23, 0.64]      [8.63, 45.02]                3738.71   
cars                       100   [([27, 3, 2020], 2447), ([31, 3, 2020], 6047)]       8828.26        1178.09           0.93             7.49            10.26                   0   [0.33, 0.35, 0.03]     [15.33, 86.69]                1567.68   
Roadcam                    100   [([27, 3, 2020], 2957), ([31, 3, 2020], 6557)]       4452.98         468.03           0.97             9.51             13.6                   0   [0.14, 0.1, 0.02]     [10.49, 62.34]                 898.83   
NetflixBestOf              100   [([27, 3, 2020], 3199), ([31, 3, 2020], 6799)]       5735.75         312.58           0.91            18.35            21.42                   0   [0.0, 0.03, 0.0]    [31.38, 184.69]                 542.89   
keto                       100   [([27, 3, 2020], 3390), ([31, 3, 2020], 6990)]       4737.23         317.78           0.94            14.91            17.41                   0   [0.89, 1.11, 0.17]     [12.44, 64.22]                 301.55   
raspberry_pi               100   [([27, 3, 2020], 3580), ([31, 3, 2020], 7180)]        5866.8         205.59           0.95            28.54            32.93                   0   [0.37, 0.26, 0.02]     [11.68, 63.39]                 255.59   
