PS4                        100   [([26, 3, 2020], 72017), ([30, 3, 2020], 75617)]      26382.76        1262.62           0.91             20.9            32.41                   0   [0.84, 0.66, 0.07]      [14.22, 83.8]                2192.55   
woahdude                   100   [([26, 3, 2020], 72329), ([30, 3, 2020], 75929)]      56581.09         830.01            0.9            68.17            84.86                   2   [0.39, 0.33, 0.02]      [6.91, 38.45]                2523.54   
tattoos                    100   [([26, 3, 2020], 72633), ([30, 3, 2020], 76233)]      20733.11         268.78           0.91            77.14            88.95                   0   [0.36, 0.24, 0.03]     [14.79, 83.28]                 683.93   
AnimalsBeingJerks            100   [([26, 3, 2020], 72800), ([30, 3, 2020], 76400)]      40327.02         521.63           0.94            77.31            97.29                   0   [0.52, 0.31, 0.04]      [6.98, 36.54]                2061.63   
BikiniBottomTwitter            100   [([26, 3, 2020], 73061), ([30, 3, 2020], 76661)]      75458.45         717.72           0.93           105.14           153.79                   0   [4.18, 2.16, 0.55]      [5.29, 28.53]                 2563.3   
reactiongifs               100   [([26, 3, 2020], 73331), ([30, 3, 2020], 76931)]       54554.4        1031.58           0.89            52.88            85.77                   0   [0.47, 0.56, 0.05]      [15.17, 78.7]                2879.71   
Overwatch                  100   [([26, 3, 2020], 73642), ([30, 3, 2020], 77242)]      38709.35        1235.61            0.9            31.33            48.06                   4   [1.53, 1.91, 0.17]      [9.29, 51.13]                4031.37   
FoodPorn                   100   [([26, 3, 2020], 73967), ([30, 3, 2020], 77567)]      19607.67         452.68           0.92            43.31             55.0                   1   [0.25, 0.18, 0.05]      [11.58, 67.8]                 700.26   
relationship_advice            100   [([26, 3, 2020], 74192), ([30, 3, 2020], 77792)]      31443.21        2974.17           0.91            10.57            16.99                   0   [3.69, 2.79, 0.77]    [21.48, 114.18]                7600.93   
Unexpected                 100   [([26, 3, 2020], 74519), ([30, 3, 2020], 78119)]      88563.64         1141.0           0.91            77.62            97.57                   1   [2.24, 1.04, 0.18]      [4.97, 26.84]                5991.44   
Minecraft                  100   [([26, 3, 2020], 74837), ([30, 3, 2020], 78437)]       67786.7        1063.61           0.96            63.73             73.5                  11   [5.16, 1.79, 0.4]     [11.35, 60.63]                3435.92   
PewdiepieSubmissions            100   [([26, 3, 2020], 75288), ([30, 3, 2020], 78888)]      81298.66         905.24            0.9            89.81           150.96                   2   [7.59, 1.53, 0.48]      [7.82, 41.14]                2241.28   
atheism                    100   [([26, 3, 2020], 75521), ([30, 3, 2020], 79121)]      36971.56        1613.02           0.83            22.92            41.81                   0   [1.1, 0.72, 0.07]     [27.2, 163.81]                2642.52   
