DIY                        100   [([26, 3, 2020], 57834), ([30, 3, 2020], 61434)]      30316.76        1325.02           0.88            22.88            27.22                   4   [0.51, 1.84, 0.15]     [13.65, 72.29]                2123.82   
sports                     100   [([26, 3, 2020], 58161), ([30, 3, 2020], 61761)]      76843.21        1905.89            0.9            40.32            50.71                   1   [0.61, 0.44, 0.03]     [10.14, 59.73]                 7780.1   
nottheonion                100   [([26, 3, 2020], 58538), ([30, 3, 2020], 62138)]      67448.82        3617.57           0.88            18.64            26.11                   0   [0.38, 0.31, 0.03]     [13.19, 80.44]               10282.51   
gadgets                    100   [([26, 3, 2020], 58921), ([30, 3, 2020], 62521)]       27130.8        2249.89           0.89            12.06            16.89                   0   [0.08, 0.08, 0.0]     [13.05, 76.82]                4364.55   
television                 100   [([26, 3, 2020], 59293), ([30, 3, 2020], 62893)]      61203.44        3699.35           0.87            16.54            23.65                   0   [0.56, 0.87, 0.04]      [14.05, 83.3]                 7401.7   
Documentaries              100   [([26, 3, 2020], 59725), ([30, 3, 2020], 63325)]      27092.17        2303.34           0.87            11.76            16.57                   0   [0.57, 0.57, 0.11]    [32.85, 195.48]                2562.23   
photoshopbattles            100   [([26, 3, 2020], 60089), ([30, 3, 2020], 63689)]      54200.57         698.54           0.89            77.59            90.88                   0   [0.26, 0.12, 0.0]      [7.02, 43.57]                4556.39   
listentothis               100   [([26, 3, 2020], 60285), ([30, 3, 2020], 63885)]       9155.14         565.63           0.92            16.19            21.59                   0   [0.28, 0.45, 0.06]     [13.36, 80.14]                 541.96   
UpliftingNews              100   [([26, 3, 2020], 60475), ([30, 3, 2020], 64075)]      64641.58         2080.0            0.9            31.08             41.0                   0   [0.66, 0.58, 0.09]    [18.01, 108.59]                4987.92   
tifu                       100   [([26, 3, 2020], 60829), ([30, 3, 2020], 64429)]      64301.82        3051.94           0.88            21.07            27.93                   0   [10.08, 6.51, 1.62]      [12.5, 67.27]               14625.67   
InternetIsBeautiful            100   [([26, 3, 2020], 61180), ([30, 3, 2020], 64780)]      14979.44         925.31           0.89            16.19            24.37                   0   [0.08, 0.42, 0.0]     [15.41, 89.78]                1191.85   
