travel                     100   [([26, 3, 2020], 68560), ([30, 3, 2020], 72160)]      17465.55         389.33           0.94            44.86            56.87                   0   [0.12, 0.2, 0.02]     [14.57, 79.67]                  519.6   
leagueoflegends            100   [([26, 3, 2020], 68772), ([30, 3, 2020], 72372)]       27909.2        1968.21           0.88            14.18            35.57                   0   [2.32, 2.97, 0.61]     [13.28, 74.38]                3689.82   
facepalm                   100   [([26, 3, 2020], 69252), ([30, 3, 2020], 72852)]      70382.31        1567.78            0.9            44.89            73.02                   0   [0.47, 0.35, 0.02]      [5.94, 33.66]                4073.92   
me_irl                     100   [([26, 3, 2020], 69571), ([30, 3, 2020], 73171)]      78125.78        1001.09           0.91            78.04           141.14                   0   [2.31, 1.76, 0.16]        [1.38, 6.0]                3154.51   
dankmemes                  100   [([26, 3, 2020], 69842), ([30, 3, 2020], 73442)]     119907.06        1127.81           0.96           106.32           142.23                   0   [25.23, 3.67, 1.2]      [5.11, 25.06]                3991.04   
NatureIsFuckingLit            100   [([26, 3, 2020], 70134), ([30, 3, 2020], 73734)]      73553.63        1055.24           0.96             69.7            91.92                   2   [1.49, 0.57, 0.12]     [10.11, 51.65]                3017.18   
pcmasterrace               100   [([26, 3, 2020], 70450), ([30, 3, 2020], 74050)]      61226.38        1473.86           0.92            41.54            55.76                   0   [2.45, 1.18, 0.22]      [6.88, 36.58]                2575.98   
Tinder                     100   [([26, 3, 2020], 70774), ([30, 3, 2020], 74374)]      71631.34        1034.78           0.94            69.22            90.64                   0   [1.14, 0.68, 0.16]      [6.36, 32.35]                5345.55   
nba                        100   [([26, 3, 2020], 71074), ([30, 3, 2020], 74674)]      42232.39        3028.48           0.92            13.95            24.11                   0   [18.58, 6.1, 3.25]     [16.29, 95.47]                6541.77   
Whatcouldgowrong            100   [([26, 3, 2020], 71421), ([30, 3, 2020], 75021)]      64547.24        2030.93           0.94            31.78            72.58                   0   [0.98, 0.5, 0.03]      [8.93, 44.94]                7067.38   
AnimalsBeingBros            100   [([26, 3, 2020], 71756), ([30, 3, 2020], 75356)]      50323.71         532.33           0.94            94.53            112.8                   0   [1.27, 0.48, 0.02]      [9.74, 51.24]                2504.46   
