tifu                        64   [([13, 3, 2020], 50695), ([17, 3, 2020], 50695)]        481.69          30.64           0.78            15.72              ned                   0   [0.0, 0.0312, 0.0]      [9.06, 48.45]                 126.59   
17_03_2020_22     num_of_posts                                           datetime   avg_upvotes   avg_comments   avg_ud_ratio   avg_uc_ratio_1   avg_uc_ratio_2   num_of_oc_content        avg_awards   avg_title_length   avg_u_top10_comments   
InternetIsBeautiful              1   [([13, 3, 2020], 50724), ([17, 3, 2020], 50724)]        5127.0          663.0           0.88             7.73              8.0                   0   [0.0, 0.0, 0.0]       [13.0, 71.0]                 610.33   
history                      6   [([13, 3, 2020], 50729), ([17, 3, 2020], 50729)]         11.67          14.83           0.66             0.79              ned                   0   [0.0, 0.0, 0.0]       [9.83, 64.5]                    7.5   
philosophy                   8   [([13, 3, 2020], 50731), ([17, 3, 2020], 50731)]        117.12            6.0           0.66            19.52              ned                   0   [0.0, 0.0, 0.0]      [8.62, 52.38]                   4.92   
Futurology                  45   [([13, 3, 2020], 50734), ([17, 3, 2020], 50734)]       1798.09          94.84           0.75            18.96              ned                   0   [0.0222, 0.0, 0.0]    [16.71, 106.98]                  77.36   
OldSchoolCool               97   [([13, 3, 2020], 50754), ([17, 3, 2020], 50754)]       1141.74          27.79           0.92            41.08              ned                   0   [0.0103, 0.0, 0.0]     [10.53, 59.24]                  49.59   
WritingPrompts              98   [([13, 3, 2020], 50789), ([17, 3, 2020], 50789)]        159.05            4.9           0.91            32.47            10.71                   0   [0.0102, 0.0, 0.0]    [34.72, 193.92]                  11.81   
dataisbeautiful             71   [([13, 3, 2020], 50824), ([17, 3, 2020], 50824)]        761.61          47.49           0.72            16.04              ned                   0   [0.0, 0.0, 0.0]     [14.28, 86.94]                  43.71   
personalfinance             69   [([13, 3, 2020], 50867), ([17, 3, 2020], 50867)]         66.41          33.57            0.9             1.98             0.93                   0   [0.0, 0.0145, 0.0]     [13.06, 69.13]                  50.61   
nosleep                     47   [([13, 3, 2020], 50937), ([17, 3, 2020], 50937)]        114.96           7.79           0.85            14.76              ned                   0   [0.0851, 0.0213, 0.0]      [9.85, 50.17]                   8.25   
creepy                       1   [([13, 3, 2020], 50951), ([17, 3, 2020], 50951)]       18179.0          314.0           0.92            57.89             58.0                   0   [0.0, 0.0, 0.0]      [23.0, 147.0]                 816.33   
TwoXChromosomes             47   [([13, 3, 2020], 50953), ([17, 3, 2020], 50953)]        974.49          46.15           0.73            21.12              ned                   0   [0.0426, 0.0213, 0.0]     [11.81, 62.96]                  78.19   
technology                  34   [([13, 3, 2020], 50996), ([17, 3, 2020], 50996)]       1403.03          59.97            0.7             23.4              ned                   0   [0.0, 0.0, 0.0294]     [11.47, 74.68]                 149.41   
memes                       99   [([13, 3, 2020], 51016), ([17, 3, 2020], 51016)]      21442.97         134.97           0.96           158.87           197.51                   0   [0.1717, 0.0808, 0.0303]      [4.67, 25.18]                 171.16   
AdviceAnimals               72   [([13, 3, 2020], 51104), ([17, 3, 2020], 51104)]        839.94          27.18           0.77             30.9              ned                   0   [0.0, 0.0, 0.0]      [9.38, 50.67]                  31.26   
Fitness                      4   [([13, 3, 2020], 51131), ([17, 3, 2020], 51131)]        714.25          158.5           0.87             4.51              5.0                   0   [0.0, 0.0, 0.0]        [9.5, 56.5]                 158.58   
wholesomememes              85   [([13, 3, 2020], 51136), ([17, 3, 2020], 51136)]       3171.16          24.81           0.98           127.81              ned                   0   [0.0118, 0.0235, 0.0]      [6.68, 34.68]                  45.87   
WTF                          7   [([13, 3, 2020], 51168), ([17, 3, 2020], 51168)]       8428.29          279.0           0.87            30.21            18.57                   0   [0.0, 0.0, 0.0]      [4.86, 26.57]                 861.57   
politics                    92   [([13, 3, 2020], 51178), ([17, 3, 2020], 51178)]       6862.66         459.95           0.96            14.92            20.59                   0   [0.2065, 0.1739, 0.0326]     [15.02, 93.04]                 376.43   
bestof                      12   [([13, 3, 2020], 51311), ([17, 3, 2020], 51311)]         659.5          30.58           0.68            21.56              ned                   0   [0.0, 0.0, 0.0]     [13.42, 91.67]                  33.81   
interestingasfuck             85   [([13, 3, 2020], 51316), ([17, 3, 2020], 51316)]       3453.14          46.68           0.94            73.97            36.62                   0   [0.0824, 0.0353, 0.0]      [8.31, 49.08]                  97.69   
BlackPeopleTwitter             57   [([13, 3, 2020], 51358), ([17, 3, 2020], 51358)]       4378.53          55.46           0.95            78.95              ned                   0   [0.0351, 0.0175, 0.0]      [6.07, 31.77]                 154.21   
oddlysatisfying             89   [([13, 3, 2020], 51465), ([17, 3, 2020], 51465)]        1459.1          21.51           0.91            67.85              ned                   2   [0.0337, 0.0112, 0.0]      [5.96, 34.45]                  52.47   
travel                       8   [([13, 3, 2020], 51499), ([17, 3, 2020], 51499)]        294.12          15.75           0.81            18.67             8.38                   0   [0.0, 0.0, 0.0]      [8.38, 49.38]                   6.96   
leagueoflegends             87   [([13, 3, 2020], 51502), ([17, 3, 2020], 51502)]        445.18          41.31           0.85            10.78              ned                   0   [0.0, 0.0115, 0.0]      [9.63, 54.11]                  62.82   
facepalm                    83   [([13, 3, 2020], 51644), ([17, 3, 2020], 51644)]       1096.98          22.86           0.89             48.0              ned                   0   [0.0, 0.0482, 0.0]      [7.01, 38.75]                   43.1   
me_irl                      92   [([13, 3, 2020], 51674), ([17, 3, 2020], 51674)]       1535.28          15.11           0.95           101.62              ned                   0   [0.0435, 0.0, 0.0]        [1.29, 6.0]                  30.21   
dankmemes                  100   [([13, 3, 2020], 51706), ([17, 3, 2020], 51706)]       19217.5         115.17           0.96           166.86           207.56                   0   [0.28, 0.11, 0.01]      [4.42, 22.45]                 233.71   
NatureIsFuckingLit             67   [([13, 3, 2020], 51794), ([17, 3, 2020], 51794)]       2276.21          19.79           0.96           115.01              ned                   4   [0.0149, 0.0448, 0.0]     [12.03, 66.76]                  20.92   
pcmasterrace                87   [([13, 3, 2020], 51818), ([17, 3, 2020], 51818)]       1023.69          43.51           0.92            23.53              ned                   0   [0.0, 0.0115, 0.0]     [11.11, 56.85]                  46.34   
Tinder                      96   [([13, 3, 2020], 51863), ([17, 3, 2020], 51863)]        519.01          10.07           0.93            51.53              ned                   0   [0.0, 0.0, 0.0]      [6.65, 34.55]                  16.14   
nba                         85   [([13, 3, 2020], 51895), ([17, 3, 2020], 51895)]        830.46          85.74           0.92             9.69             7.56                   0   [0.0118, 0.0118, 0.0]     [16.18, 93.27]                 246.01   
Whatcouldgowrong              6   [([13, 3, 2020], 51949), ([17, 3, 2020], 51949)]       6652.67         136.17           0.91            48.86            34.83                   0   [0.0, 0.0, 0.0]      [6.33, 30.83]                 435.17   
AnimalsBeingBros             12   [([13, 3, 2020], 51954), ([17, 3, 2020], 51954)]       1905.75          33.67           0.93            56.61              ned                   0   [0.1667, 0.0833, 0.0]       [5.83, 31.5]                  74.86   
PS4                         73   [([13, 3, 2020], 51960), ([17, 3, 2020], 51960)]        337.07          35.75           0.63             9.43              ned                   0   [0.0, 0.0, 0.0]      [9.85, 55.07]                  28.15   
woahdude                    28   [([13, 3, 2020], 51987), ([17, 3, 2020], 51987)]       1247.36          20.36           0.79            61.27              ned                   2   [0.0, 0.0357, 0.0]      [6.25, 35.61]                  33.67   
tattoos                     32   [([13, 3, 2020], 52000), ([17, 3, 2020], 52000)]        174.41           5.25           0.83            33.22              ned                   0   [0.0312, 0.0, 0.0]     [13.66, 78.88]                   2.86   
AnimalsBeingJerks             30   [([13, 3, 2020], 52009), ([17, 3, 2020], 52009)]       1552.93          16.47           0.88            94.31              ned                   0   [0.0, 0.0667, 0.0]       [8.47, 44.5]                   47.8   
BikiniBottomTwitter             73   [([13, 3, 2020], 52019), ([17, 3, 2020], 52019)]       1230.67          11.82           0.85            104.1              ned                   0   [0.0274, 0.0137, 0.0]      [5.11, 26.01]                  34.84   
reactiongifs                35   [([13, 3, 2020], 52043), ([17, 3, 2020], 52043)]       1006.17           9.89           0.82           101.78              ned                   0   [0.0286, 0.1143, 0.0]     [13.09, 66.51]                  18.43   
Overwatch                   80   [([13, 3, 2020], 52056), ([17, 3, 2020], 52056)]        266.93          17.55           0.86            15.21              ned                   0   [0.0, 0.0, 0.0]      [9.34, 49.16]                   18.3   
FoodPorn                    89   [([13, 3, 2020], 52088), ([17, 3, 2020], 52088)]        244.91            6.1            0.9            40.14              ned                   0   [0.0, 0.0, 0.0]      [8.65, 50.45]                   4.02   
relationship_advice             89   [([13, 3, 2020], 52117), ([17, 3, 2020], 52117)]        160.27          41.85           0.84             3.83             1.34                   0   [0.0, 0.0, 0.0]     [13.29, 71.65]                 109.26   
Unexpected                  54   [([13, 3, 2020], 52157), ([17, 3, 2020], 52157)]       2606.87          24.13           0.79           108.04              ned                   0   [0.0, 0.0556, 0.0]      [4.09, 22.24]                 117.99   
Minecraft                   94   [([13, 3, 2020], 52182), ([17, 3, 2020], 52182)]       2392.87          37.65           0.97            63.56              ned                  11   [0.0532, 0.0106, 0.0]     [11.39, 60.41]                  48.03   
PewdiepieSubmissions             98   [([13, 3, 2020], 52323), ([17, 3, 2020], 52323)]       6739.12          62.07           0.95           108.57              ned                   0   [0.0918, 0.0816, 0.0]       [4.35, 22.1]                  79.22   
atheism                     68   [([13, 3, 2020], 52376), ([17, 3, 2020], 52376)]        732.53          31.01            0.8            23.62              ned                   1   [0.0, 0.0147, 0.0]     [11.69, 71.66]                  45.64   
gonewild                    96   [([13, 3, 2020], 52405), ([17, 3, 2020], 52405)]        766.86          33.03           0.98            23.22            20.52                   0   [0.0938, 0.1146, 0.0312]     [10.71, 53.92]                   2.94   
programming                 36   [([13, 3, 2020], 52452), ([17, 3, 2020], 52452)]         26.61           4.75           0.45              5.6              ned                   0   [0.0, 0.0, 0.0]     [10.86, 67.36]                   5.18   
boardgames                  34   [([13, 3, 2020], 52467), ([17, 3, 2020], 52467)]          37.5          24.71           0.73             1.52              ned                   0   [0.0, 0.0, 0.0]      [7.38, 45.29]                  10.06   
gardening                   87   [([13, 3, 2020], 52483), ([17, 3, 2020], 52483)]        202.79          11.79           0.95             17.2              ned                   0   [0.0, 0.0, 0.0]      [9.84, 54.57]                   6.54   
instant_regret               2   [([13, 3, 2020], 52529), ([17, 3, 2020], 52529)]       27372.0          347.0           0.95            78.88             77.5                   0   [1.0, 0.0, 0.0]        [3.0, 14.0]                 1119.0   
dadjokes                    70   [([13, 3, 2020], 52534), ([17, 3, 2020], 52534)]        191.84           6.86           0.84            27.98              ned                   0   [0.0, 0.0143, 0.0]      [9.79, 51.19]                  33.06   
gameofthrones               13   [([13, 3, 2020], 52554), ([17, 3, 2020], 52554)]         324.0          15.85           0.71            20.45              ned                   1   [0.0, 0.0, 0.0]     [10.46, 61.54]                  12.36   
pokemongo                   82   [([13, 3, 2020], 52559), ([17, 3, 2020], 52559)]         84.17          14.43           0.77             5.83              ned                   0   [0.0, 0.0, 0.0]      [7.27, 41.37]                  11.56   
europe                      87   [([13, 3, 2020], 52590), ([17, 3, 2020], 52590)]        709.53          52.32           0.88            13.56              ned                   1   [0.0115, 0.0115, 0.0]     [10.95, 67.61]                  44.02   
mildlyinfuriating             94   [([13, 3, 2020], 52722), ([17, 3, 2020], 52722)]        612.77          17.85           0.89            34.33              ned                   0   [0.0, 0.0, 0.0]     [10.28, 54.21]                  35.67   
pokemon                     94   [([13, 3, 2020], 52756), ([17, 3, 2020], 52756)]        638.54          17.68           0.95            36.11              ned                   9   [0.0213, 0.0106, 0.0]      [8.18, 45.29]                  21.32   
Damnthatsinteresting             38   [([13, 3, 2020], 52791), ([17, 3, 2020], 52791)]       2573.26          32.92           0.79            78.16              ned                   1   [0.0789, 0.0789, 0.0]     [12.29, 73.34]                  52.25   
Games                       25   [([13, 3, 2020], 52808), ([17, 3, 2020], 52808)]        424.44          96.28           0.75             4.41              ned                   0   [0.04, 0.04, 0.0]      [9.72, 62.32]                  59.33   
iphone                       6   [([13, 3, 2020], 52826), ([17, 3, 2020], 52826)]        155.17          17.67           0.76             8.78             4.83                   0   [0.0, 0.0, 0.0]      [11.0, 61.83]                  23.72   
AnimalsBeingDerps             78   [([13, 3, 2020], 52829), ([17, 3, 2020], 52829)]       1430.51          14.19           0.94           100.79              ned                   0   [0.0, 0.0, 0.0]       [7.5, 39.32]                  39.57   
loseit                      55   [([13, 3, 2020], 52854), ([17, 3, 2020], 52854)]         77.73          10.75           0.83             7.23              ned                   0   [0.0, 0.0182, 0.0]       [8.2, 46.22]                   5.98   
nonononoyes                 23   [([13, 3, 2020], 52874), ([17, 3, 2020], 52874)]         906.0          10.78           0.77            84.02              ned                   0   [0.0, 0.0, 0.0]      [4.26, 20.83]                  34.28   
itookapicture               92   [([13, 3, 2020], 52884), ([17, 3, 2020], 52884)]        192.53            3.4           0.95            56.59              ned                   0   [0.0109, 0.0, 0.0]      [7.05, 35.64]                   0.27   
drawing                     93   [([13, 3, 2020], 52910), ([17, 3, 2020], 52910)]        235.81           6.33           0.96            37.23              ned                   0   [0.0, 0.0108, 0.0]      [9.08, 49.47]                   2.43   
humor                        4   [([13, 3, 2020], 52938), ([17, 3, 2020], 52938)]          83.5           5.75           0.81            14.52              ned                   0   [0.0, 0.0, 0.0]      [9.75, 59.25]                   8.16   
CrappyDesign                21   [([13, 3, 2020], 52939), ([17, 3, 2020], 52939)]       1181.62          25.52           0.76            46.29              ned                   0   [0.0, 0.0, 0.0]      [10.81, 56.9]                   68.6   
buildapc                    63   [([13, 3, 2020], 52951), ([17, 3, 2020], 52951)]         18.78          16.05           0.92             1.17              ned                   0   [0.0, 0.0, 0.0]      [8.49, 45.19]                   4.82   
Wellthatsucks               88   [([13, 3, 2020], 52972), ([17, 3, 2020], 52972)]       1402.53          31.48           0.86            44.56             8.84                   0   [0.1136, 0.0568, 0.0114]     [14.94, 79.78]                  60.95   
GifRecipes                   3   [([13, 3, 2020], 53009), ([17, 3, 2020], 53009)]        2655.0         100.67           0.83            26.37            12.67                   0   [0.0, 0.0, 0.0]       [4.33, 29.0]                 158.45   
BetterEveryLoop              6   [([13, 3, 2020], 53012), ([17, 3, 2020], 53012)]       2813.33          60.83            0.9            46.25             26.5                   0   [0.1667, 0.0, 0.0]      [4.83, 26.33]                  84.22   
slowcooking                  6   [([13, 3, 2020], 53017), ([17, 3, 2020], 53017)]        443.83          25.17           0.93            17.64            20.33                   0   [0.0, 0.0, 0.0]     [11.33, 63.17]                  15.83   
trashy                      47   [([13, 3, 2020], 53019), ([17, 3, 2020], 53019)]       1339.77          52.43           0.84            25.56              ned                   0   [0.0, 0.0, 0.0]      [8.79, 48.15]                 110.56   
WatchPeopleDieInside             21   [([13, 3, 2020], 53040), ([17, 3, 2020], 53040)]       3055.71          49.14            0.9            62.18              ned                   0   [0.0, 0.0, 0.0]      [6.43, 35.38]                 177.25   
Eyebleach                   92   [([13, 3, 2020], 53050), ([17, 3, 2020], 53050)]        903.85           6.64           0.96           136.09              ned                   0   [0.0, 0.0, 0.0]      [5.55, 28.25]                  15.62   
