news                        24   [([13, 3, 2020], 49494), ([17, 3, 2020], 49494)]       6067.17         586.46           0.92            10.35            12.17                   0   [0.0, 0.0417, 0.0]     [10.42, 65.67]                1120.56   
17_03_2020_21     num_of_posts                                           datetime   avg_upvotes   avg_comments   avg_ud_ratio   avg_uc_ratio_1   avg_uc_ratio_2   num_of_oc_content              avg_awards   avg_title_length   avg_u_top10_comments   
IAmA                         6   [([13, 3, 2020], 49528), ([17, 3, 2020], 49528)]       3198.67          320.5           0.77             9.98             2.83                   0   [0.1667, 0.3333, 0.0]     [18.5, 110.17]                 208.22   
gifs                        37   [([13, 3, 2020], 49536), ([17, 3, 2020], 49536)]       4115.16          51.35           0.74            80.14              ned                   5   [0.0811, 0.027, 0.0]      [9.03, 53.27]                 134.01   
Showerthoughts              93   [([13, 3, 2020], 49555), ([17, 3, 2020], 49555)]        138.01            9.9           0.87            13.94              ned                   0   [0.0108, 0.0, 0.0]     [16.41, 90.95]                   10.7   
EarthPorn                   66   [([13, 3, 2020], 49587), ([17, 3, 2020], 49587)]       1087.38           9.98           0.93            108.9              ned                  65   [0.0152, 0.0303, 0.0]       [9.88, 64.8]                  11.67   
askscience                  30   [([13, 3, 2020], 49606), ([17, 3, 2020], 49606)]         88.47          18.87           0.71             4.69              ned                   0   [0.0, 0.0, 0.0]     [15.93, 93.37]                    8.7   
Jokes                       90   [([13, 3, 2020], 49616), ([17, 3, 2020], 49616)]        892.02          18.34           0.89            48.63              ned                   0   [0.0444, 0.0222, 0.0111]      [11.3, 59.37]                  58.74   
food                        96   [([13, 3, 2020], 49647), ([17, 3, 2020], 49647)]        663.93          13.32           0.94            49.83              ned                  96   [0.0312, 0.0104, 0.0104]      [6.27, 42.86]                  10.33   
explainlikeimfive             32   [([13, 3, 2020], 49675), ([17, 3, 2020], 49675)]          13.5          10.34           0.66             1.31              ned                   0   [0.0, 0.0, 0.0]     [14.22, 75.88]                   0.76   
books                       39   [([13, 3, 2020], 49685), ([17, 3, 2020], 49685)]        728.41          34.67           0.67            21.01              ned                   0   [0.0, 0.0, 0.0]      [9.36, 55.08]                  33.63   
blog                         1   [([13, 3, 2020], 49701), ([17, 3, 2020], 49701)]       22662.0         2538.0           0.86             8.93              9.0                   0   [7.0, 2.0, 2.0]        [3.0, 14.0]                 1987.0   
LifeProTips                 41   [([13, 3, 2020], 49705), ([17, 3, 2020], 49705)]         86.24          11.12           0.71             7.75              ned                   0   [0.0, 0.0, 0.0]    [24.12, 132.56]                  12.85   
mildlyinteresting             92   [([13, 3, 2020], 49718), ([17, 3, 2020], 49718)]        2113.3          42.51           0.87            49.71              ned                  92   [0.0109, 0.0217, 0.0]     [12.07, 63.92]                  69.74   
Art                         91   [([13, 3, 2020], 49753), ([17, 3, 2020], 49753)]       1046.99          18.44           0.96            56.78              ned                   3   [0.0769, 0.033, 0.0]       [6.1, 37.03]                  16.58   
DIY                         16   [([13, 3, 2020], 49783), ([17, 3, 2020], 49783)]        285.19          12.81           0.66            22.26              ned                   1   [0.125, 0.0625, 0.0]      [8.44, 48.56]                   7.69   
sports                      15   [([13, 3, 2020], 49788), ([17, 3, 2020], 49788)]       1371.67         104.47           0.73            13.13              ned                   0   [0.0, 0.0, 0.0]      [7.93, 51.93]                 378.78   
nottheonion                 10   [([13, 3, 2020], 49796), ([17, 3, 2020], 49796)]        3361.1          119.9           0.86            28.03              ned                   0   [0.0, 0.0, 0.0]       [12.6, 79.2]                  398.4   
gadgets                      7   [([13, 3, 2020], 49803), ([17, 3, 2020], 49803)]         553.0          38.86           0.55            14.23              ned                   0   [0.0, 0.0, 0.0]     [10.29, 66.71]                  61.48   
television                  44   [([13, 3, 2020], 49806), ([17, 3, 2020], 49806)]        717.55          45.09           0.73            15.91              ned                   0   [0.0227, 0.0227, 0.0]     [12.77, 80.34]                 131.55   
Documentaries               10   [([13, 3, 2020], 49828), ([17, 3, 2020], 49828)]         533.7           26.1           0.65            20.45              ned                   0   [0.0, 0.0, 0.0]      [20.0, 119.1]                  64.53   
photoshopbattles             28   [([13, 3, 2020], 49832), ([17, 3, 2020], 49832)]        1056.5          15.29           0.86            69.12              ned                   0   [0.0, 0.0, 0.0]      [6.71, 42.71]                  32.26   
listentothis                80   [([13, 3, 2020], 49841), ([17, 3, 2020], 49841)]         11.97           0.95           0.87            12.61              ned                   0   [0.0, 0.0, 0.0]      [8.41, 51.61]                   0.25   
UpliftingNews               42   [([13, 3, 2020], 49860), ([17, 3, 2020], 49860)]       2116.76          29.76            0.9            71.12              ned                   0   [0.0238, 0.0238, 0.0]      [14.6, 93.52]                  68.21   
