Europe                      83   [([13, 3, 2020], 43941), ([17, 3, 2020], 43941)]        401.64          40.37           0.88             9.95              ned                   1   [0.012, 0.012, 0.0]     [10.24, 63.33]                  29.97   
17_03_2020_20     num_of_posts                                           datetime   avg_upvotes   avg_comments   avg_ud_ratio   avg_uc_ratio_1   avg_uc_ratio_2   num_of_oc_content        avg_awards   avg_title_length   avg_u_top10_comments   
Austria                     74   [([13, 3, 2020], 44064), ([17, 3, 2020], 44064)]         75.46          17.15           0.85              4.4              ned                   0   [0.0, 0.0, 0.0]      [7.28, 48.45]                   11.3   
Albania                      6   [([13, 3, 2020], 44092), ([17, 3, 2020], 44092)]          46.0          15.83           0.84             2.91              ned                   0   [0.0, 0.0, 0.0]       [4.33, 23.0]                   9.11   
Belgium                     22   [([13, 3, 2020], 44094), ([17, 3, 2020], 44094)]         56.36          72.36           0.83             0.78              ned                   0   [0.0, 0.0455, 0.0]      [8.36, 56.64]                  16.49   
slovenia                     9   [([13, 3, 2020], 44108), ([17, 3, 2020], 44108)]         99.56          12.11           0.78             8.22              ned                   0   [0.0, 0.0, 0.0]       [5.33, 33.0]                   8.96   
Bosnia                       1   [([13, 3, 2020], 44111), ([17, 3, 2020], 44111)]          16.0            1.0           0.95             16.0             16.0                   0   [0.0, 0.0, 0.0]        [9.0, 53.0]                   0.67   
Croatia                     29   [([13, 3, 2020], 44112), ([17, 3, 2020], 44112)]         98.59          28.17           0.75              3.5              ned                   0   [0.0345, 0.0, 0.0]      [8.17, 49.21]                  27.32   
France                      91   [([13, 3, 2020], 44124), ([17, 3, 2020], 44124)]        151.98          80.09           0.87              1.9              ned                   1   [0.044, 0.0549, 0.0]     [12.08, 72.27]                  35.28   
Germany                     26   [([13, 3, 2020], 44184), ([17, 3, 2020], 44184)]         50.15          17.27           0.51              2.9              ned                   0   [0.0, 0.0, 0.0]     [12.81, 75.15]                  10.08   
Ireland                     94   [([13, 3, 2020], 44194), ([17, 3, 2020], 44194)]        277.09          26.64           0.93             10.4              ned                   0   [0.0, 0.0, 0.0]     [11.03, 63.04]                  24.97   
thenetherlands              12   [([13, 3, 2020], 44232), ([17, 3, 2020], 44232)]        187.67          28.92           0.84             6.49             7.42                   1   [0.0, 0.0, 0.0]     [11.42, 72.08]                  16.33   
unitedkingdom               32   [([13, 3, 2020], 44237), ([17, 3, 2020], 44237)]        227.22          155.5           0.79             1.46              ned                   0   [0.0, 0.0625, 0.0]      [10.78, 65.5]                  61.69   
Switzerland                 23   [([13, 3, 2020], 44266), ([17, 3, 2020], 44266)]         23.57          13.96           0.74             1.69              ned                   0   [0.0, 0.0, 0.0]     [11.17, 64.74]                   1.28   
Slovakia                    10   [([13, 3, 2020], 44274), ([17, 3, 2020], 44274)]          51.5            5.9           0.73             8.73              ned                   0   [0.0, 0.0, 0.0]        [5.2, 31.2]                   5.13   
Russia                      19   [([13, 3, 2020], 44277), ([17, 3, 2020], 44277)]         35.68           7.42           0.77             4.81              ned                   0   [0.0, 0.0, 0.0]     [10.84, 71.16]                   3.07   
NYC                         76   [([13, 3, 2020], 44283), ([17, 3, 2020], 44283)]        117.89          37.04           0.79             3.18              ned                   0   [0.0, 0.0132, 0.0]     [10.05, 57.17]                  31.44   
Seattle                     73   [([13, 3, 2020], 44319), ([17, 3, 2020], 44319)]         94.42          13.16            0.7             7.17              ned                   0   [0.0, 0.0, 0.0]     [10.38, 61.55]                   12.8   
Chicago                     16   [([13, 3, 2020], 44371), ([17, 3, 2020], 44371)]        178.94          64.94            0.9             2.76             7.12                   0   [0.0, 0.0, 0.0]      [11.5, 67.25]                   47.5   
Toronto                     43   [([13, 3, 2020], 44382), ([17, 3, 2020], 44382)]        165.79          65.63           0.86             2.53              ned                   0   [0.0, 0.0, 0.0]      [12.4, 75.77]                  48.55   
LosAngeles                  29   [([13, 3, 2020], 44411), ([17, 3, 2020], 44411)]        184.38          36.69           0.85             5.03              ned                   0   [0.0, 0.0345, 0.0]      [10.1, 57.79]                  35.94   
Portland                    65   [([13, 3, 2020], 44425), ([17, 3, 2020], 44425)]        113.34          25.98           0.76             4.36              ned                   0   [0.0, 0.0, 0.0154]      [10.05, 63.2]                  20.18   
Boston                      56   [([13, 3, 2020], 44452), ([17, 3, 2020], 44452)]        121.77          23.77           0.83             5.12              ned                   0   [0.0, 0.0179, 0.0]     [11.71, 70.45]                  29.42   
Austin                      71   [([13, 3, 2020], 44475), ([17, 3, 2020], 44475)]        129.55          37.82           0.85             3.43              ned                   0   [0.0, 0.0141, 0.0]     [10.61, 62.35]                  31.23   
SanFrancisco                71   [([13, 3, 2020], 44507), ([17, 3, 2020], 44507)]         67.24          20.69           0.76             3.25              ned                   0   [0.0141, 0.0282, 0.0141]     [10.63, 61.52]                   14.2   
Vancouver                   89   [([13, 3, 2020], 44534), ([17, 3, 2020], 44534)]        129.33          28.49           0.87             4.54              ned                   0   [0.0112, 0.0, 0.0]      [11.6, 72.57]                  26.26   
WashingtonDC                57   [([13, 3, 2020], 44570), ([17, 3, 2020], 44570)]         73.75           8.93           0.81             8.26              ned                   0   [0.0, 0.0, 0.0]       [10.0, 58.7]                   7.22   
Houston                     39   [([13, 3, 2020], 44588), ([17, 3, 2020], 44588)]        216.46          57.67           0.82             3.75              ned                   0   [0.0256, 0.1026, 0.0]      [9.67, 58.97]                  39.95   
Atlanta                     26   [([13, 3, 2020], 44609), ([17, 3, 2020], 44609)]        164.73          46.15           0.86             3.57              ned                   0   [0.0, 0.0, 0.0]     [13.73, 78.81]                  27.96   
Philadelphia                53   [([13, 3, 2020], 44627), ([17, 3, 2020], 44627)]         80.64           31.7           0.76             2.54              ned                   0   [0.0377, 0.0, 0.0]      [9.17, 54.79]                  22.22   
Denver                      34   [([13, 3, 2020], 44650), ([17, 3, 2020], 44650)]        126.68          31.35           0.78             4.04              ned                   0   [0.0, 0.0, 0.0]     [10.85, 66.88]                  21.05   
Melbourne                   46   [([13, 3, 2020], 44665), ([17, 3, 2020], 44665)]         92.93          39.96           0.76             2.33              ned                   0   [0.0, 0.0, 0.0]      [8.87, 51.04]                  17.78   
SanDiego                    54   [([13, 3, 2020], 44684), ([17, 3, 2020], 44684)]         72.91          23.44           0.79             3.11              ned                   0   [0.0, 0.0, 0.0]     [11.59, 68.07]                  16.64   
Dallas                      13   [([13, 3, 2020], 44707), ([17, 3, 2020], 44707)]        144.54          49.54           0.82             2.92              ned                   0   [0.0, 0.0, 0.0]      [9.46, 56.62]                   31.1   
Montreal                     8   [([13, 3, 2020], 44714), ([17, 3, 2020], 44714)]         66.75          17.38           0.79             3.84              ned                   0   [0.0, 0.0, 0.0]      [8.62, 54.38]                  15.63   
Sydney                      61   [([13, 3, 2020], 44717), ([17, 3, 2020], 44717)]        116.79          25.23           0.75             4.63              ned                   0   [0.0492, 0.0656, 0.0]     [10.41, 60.44]                  20.52   
Pittsburgh                  35   [([13, 3, 2020], 44740), ([17, 3, 2020], 44740)]         42.97          13.34            0.7             3.22              ned                   0   [0.0286, 0.0286, 0.0]     [11.86, 71.49]                   9.03   
Calgary                     77   [([13, 3, 2020], 44762), ([17, 3, 2020], 44762)]         83.25          25.22            0.8              3.3              ned                   0   [0.013, 0.013, 0.0]     [12.97, 77.69]                  21.61   
Baltimore                   20   [([13, 3, 2020], 44794), ([17, 3, 2020], 44794)]          37.9          13.25            0.8             2.86              ned                   0   [0.0, 0.0, 0.0]       [9.1, 58.15]                  12.47   
StLouis                     46   [([13, 3, 2020], 44801), ([17, 3, 2020], 44801)]         66.35          16.61            0.8             3.99              ned                   0   [0.0, 0.0217, 0.0]     [11.85, 71.37]                   0.91   
funny                       96   [([13, 3, 2020], 44817), ([17, 3, 2020], 44817)]       5289.38          72.23           0.91            73.23            46.02                   0   [0.0938, 0.0938, 0.0104]      [6.52, 34.72]                 166.52   
AskReddit                   88   [([13, 3, 2020], 44871), ([17, 3, 2020], 44871)]       1530.41         505.98           0.82             3.02             0.75                   0   [0.0455, 0.0455, 0.0]     [13.45, 72.48]                 947.88   
gaming                      85   [([13, 3, 2020], 44969), ([17, 3, 2020], 44969)]       3078.75          66.94           0.89            45.99              ned                   0   [0.0941, 0.0, 0.0]      [7.41, 40.19]                 146.85   
pics                        93   [([13, 3, 2020], 45008), ([17, 3, 2020], 45008)]       6254.73         141.46            0.9            44.21              ned                   1   [0.1505, 0.1183, 0.0645]      [8.67, 48.99]                 339.21   
aww                        100   [([13, 3, 2020], 45063), ([17, 3, 2020], 45063)]       9271.55          80.41           0.97            115.3              ned                   0   [0.12, 0.08, 0.01]      [9.81, 49.97]                 228.66   
science                     16   [([13, 3, 2020], 45122), ([17, 3, 2020], 45122)]       2093.12          41.62           0.77            50.29              ned                   0   [0.0, 0.0, 0.0]    [24.38, 156.81]                  71.19   
worldnews                   94   [([13, 3, 2020], 45143), ([17, 3, 2020], 45143)]        6032.4         390.85           0.91            15.43            15.49                   0   [0.0745, 0.0851, 0.0319]    [18.31, 114.96]                 688.83   
Music                       87   [([13, 3, 2020], 45234), ([17, 3, 2020], 45234)]         60.28           4.67           0.85            12.92              ned                   0   [0.0, 0.0, 0.0]      [8.63, 50.02]                   3.66   
movies                      67   [([13, 3, 2020], 45260), ([17, 3, 2020], 45260)]        781.27           49.9           0.71            15.66              ned                   0   [0.0, 0.0, 0.0]      [12.09, 72.6]                  65.91   
videos                      91   [([13, 3, 2020], 45292), ([17, 3, 2020], 45292)]        830.92          85.24           0.78             9.75              ned                   0   [0.0, 0.011, 0.0]      [9.96, 57.26]                 146.88   
