OutOfTheLoop                17   [([9, 3, 2020], 50040), ([13, 3, 2020], 50040)]        300.18          44.82           0.61              6.7              ned                   0   [0.0, 0.0, 0.0]     [10.88, 62.76]                   86.9   
13_03_2020_21     num_of_posts                                          datetime   avg_upvotes   avg_comments   avg_ud_ratio   avg_uc_ratio_1   avg_uc_ratio_2   num_of_oc_content                 avg_awards   avg_title_length   avg_u_top10_comments   
RealGirls                   94   [([9, 3, 2020], 50052), ([13, 3, 2020], 50052)]        507.79          23.55           0.98            21.56            18.03                   0   [0.0319, 0.0319, 0.0213]       [9.23, 43.7]                   2.85   
rickandmorty                48   [([9, 3, 2020], 50087), ([13, 3, 2020], 50087)]        782.38          14.88           0.81             52.6              ned                   0   [0.0208, 0.0208, 0.0]      [6.48, 36.12]                  24.65   
Cooking                     45   [([9, 3, 2020], 50102), ([13, 3, 2020], 50102)]         55.07           15.6           0.71             3.53              ned                   0   [0.0, 0.0, 0.0]      [9.82, 53.42]                   14.8   
streetwear                  67   [([9, 3, 2020], 50116), ([13, 3, 2020], 50116)]        177.28           5.18           0.86            34.23              ned                   0   [0.0, 0.0, 0.0]       [8.81, 51.1]                   8.13   
biology                     27   [([9, 3, 2020], 50133), ([13, 3, 2020], 50133)]         64.63          12.44           0.56             5.19              ned                   0   [0.0, 0.0, 0.0]     [13.56, 86.33]                   5.06   
IdiotsInCars                31   [([9, 3, 2020], 50142), ([13, 3, 2020], 50142)]       3095.48         124.77           0.83            24.81              ned                   0   [0.0, 0.0, 0.0]      [9.39, 49.65]                 385.53   
insanepeoplefacebook             91   [([9, 3, 2020], 50158), ([13, 3, 2020], 50158)]        568.85          42.04           0.92            13.53              ned                   0   [0.0, 0.0, 0.0]      [9.03, 50.31]                  55.55   
MurderedByWords             65   [([9, 3, 2020], 50188), ([13, 3, 2020], 50188)]        613.43          22.72           0.81             27.0              ned                   0   [0.0, 0.0154, 0.0]       [7.0, 40.54]                  22.38   
frugalmalefashion             17   [([9, 3, 2020], 50242), ([13, 3, 2020], 50242)]         63.06          26.06           0.75             2.42              ned                   0   [0.0, 0.0, 0.0]      [10.0, 57.24]                  21.18   
DnD                         89   [([9, 3, 2020], 50249), ([13, 3, 2020], 50249)]        465.13          14.46           0.88            32.17              ned                  16   [0.0112, 0.0225, 0.0]     [10.02, 58.11]                  16.73   
youseeingthisshit              5   [([9, 3, 2020], 50305), ([13, 3, 2020], 50305)]        7292.0           71.0            0.9            102.7             43.6                   0   [0.0, 0.0, 0.0]        [5.2, 26.4]                 473.93   
KidsAreFuckingStupid             16   [([9, 3, 2020], 50309), ([13, 3, 2020], 50309)]       6522.38          96.31           0.86            67.72              ned                   0   [0.125, 0.0, 0.0]      [9.69, 49.06]                 219.58   
recipes                     16   [([9, 3, 2020], 50319), ([13, 3, 2020], 50319)]        212.56            5.5           0.87            38.65              ned                   0   [0.0, 0.0, 0.0]      [8.12, 50.75]                   5.83   
TrollYChromosome             11   [([9, 3, 2020], 50323), ([13, 3, 2020], 50323)]        568.45           4.91           0.87            115.8              ned                   0   [0.0, 0.0, 0.0]      [5.73, 29.73]                   4.67   
therewasanattempt             77   [([9, 3, 2020], 50326), ([13, 3, 2020], 50326)]       1313.31           42.4            0.8            30.97              ned                   0   [0.013, 0.013, 0.0]      [5.81, 28.92]                  62.52   
mac                         53   [([9, 3, 2020], 50355), ([13, 3, 2020], 50355)]         30.68           5.45           0.83             5.63              ned                   0   [0.0, 0.0, 0.0]      [11.92, 63.6]                   2.91   
nevertellmetheodds              7   [([9, 3, 2020], 50370), ([13, 3, 2020], 50370)]       3282.71          22.29           0.84            147.3              ned                   0   [0.0, 0.0, 0.0]      [4.14, 20.86]                   35.0   
MovieDetails                26   [([9, 3, 2020], 50373), ([13, 3, 2020], 50373)]       3967.46          44.88           0.89            88.39            29.12                   0   [0.0769, 0.0, 0.0]    [32.27, 185.58]                 152.94   
WhitePeopleTwitter             98   [([9, 3, 2020], 50384), ([13, 3, 2020], 50384)]       3482.21          66.14           0.95            52.65              ned                   0   [0.0714, 0.0204, 0.0204]       [4.4, 23.95]                 112.91   
