gaming                      86   [([6, 3, 2020], 46902), ([10, 3, 2020], 46902)]       3668.78          81.59           0.88            44.96              ned                   0   [0.093, 0.0465, 0.0]      [8.01, 42.26]                 168.24   
pics                        95   [([6, 3, 2020], 46950), ([10, 3, 2020], 46950)]       3007.22          79.03            0.9            38.05              ned                   3   [0.1053, 0.1263, 0.0]      [9.22, 50.17]                  92.07   
aww                         99   [([6, 3, 2020], 47005), ([10, 3, 2020], 47005)]       8768.91          90.65           0.97            96.74            92.76                   1   [0.1414, 0.0909, 0.0101]      [8.16, 42.28]                 384.82   
science                     39   [([6, 3, 2020], 47069), ([10, 3, 2020], 47069)]       1960.62           65.9           0.76            29.75              ned                   0   [0.0256, 0.0256, 0.0]    [28.51, 193.85]                  88.26   
worldnews                   92   [([6, 3, 2020], 47111), ([10, 3, 2020], 47111)]       3383.89         217.49           0.89            15.56              ned                   0   [0.0326, 0.0109, 0.0]    [17.26, 107.76]                 413.03   
Music                       87   [([6, 3, 2020], 47196), ([10, 3, 2020], 47196)]        156.17           20.0           0.85             7.81              ned                   0   [0.0115, 0.0, 0.0]      [9.89, 57.07]                  11.51   
movies                      80   [([6, 3, 2020], 47236), ([10, 3, 2020], 47236)]       1076.92          93.99           0.65            11.46              ned                   0   [0.0125, 0.0375, 0.0]     [10.99, 64.89]                 159.05   
videos                      87   [([6, 3, 2020], 47291), ([10, 3, 2020], 47291)]        758.25          52.39           0.76            14.47              ned                   0   [0.069, 0.046, 0.0]     [10.56, 58.76]                  80.93   
todayilearned               87   [([6, 3, 2020], 47344), ([10, 3, 2020], 47344)]        2483.9          80.46           0.86            30.87              ned                   0   [0.023, 0.023, 0.0]    [29.87, 174.97]                 285.82   
news                        36   [([6, 3, 2020], 47488), ([10, 3, 2020], 47488)]       3092.33         284.67           0.89            10.86              ned                   0   [0.0833, 0.0278, 0.0]      [9.97, 64.28]                 387.69   
IAmA                         3   [([6, 3, 2020], 47531), ([10, 3, 2020], 47531)]       3667.67         749.33           0.84             4.89             3.67                   0   [0.3333, 0.3333, 0.0]     [13.67, 89.67]                 551.44   
gifs                        47   [([6, 3, 2020], 47537), ([10, 3, 2020], 47537)]       3748.38          58.11           0.72            64.51              ned                   1   [0.0426, 0.0213, 0.0]      [7.83, 44.74]                 195.48   
Showerthoughts              85   [([6, 3, 2020], 47567), ([10, 3, 2020], 47567)]        327.94          12.69           0.89            25.83              ned                   0   [0.0118, 0.0, 0.0]     [16.12, 90.14]                  25.57   
EarthPorn                   70   [([6, 3, 2020], 47595), ([10, 3, 2020], 47595)]        427.94            5.3           0.95            80.74              ned                  66   [0.0286, 0.0143, 0.0143]     [10.41, 67.36]                   2.94   
askscience                   6   [([6, 3, 2020], 47614), ([10, 3, 2020], 47614)]        345.67          51.83           0.71             6.67              2.5                   0   [0.0, 0.0, 0.0]     [11.83, 67.67]                   4.55   
Jokes                       91   [([6, 3, 2020], 47618), ([10, 3, 2020], 47618)]       1098.62          20.47           0.86            53.66              ned                   0   [0.033, 0.044, 0.0]      [9.04, 48.02]                  97.34   
food                        91   [([6, 3, 2020], 47652), ([10, 3, 2020], 47652)]        404.89          11.89           0.91            34.05              ned                   2   [0.022, 0.0, 0.0]      [5.91, 39.42]                   7.05   
explainlikeimfive             42   [([6, 3, 2020], 47685), ([10, 3, 2020], 47685)]         77.17           16.4           0.56              4.7              ned                   0   [0.0, 0.0, 0.0]     [13.76, 76.79]                   0.79   
books                       24   [([6, 3, 2020], 47703), ([10, 3, 2020], 47703)]        246.92          45.21           0.71             5.46              ned                   0   [0.0417, 0.0, 0.0]      [7.75, 46.67]                  35.01   
blog                         1   [([6, 3, 2020], 47719), ([10, 3, 2020], 47719)]       22662.0         2538.0           0.86             8.93              9.0                   0   [7.0, 2.0, 2.0]        [3.0, 14.0]                 1986.0   
LifeProTips                 60   [([6, 3, 2020], 47723), ([10, 3, 2020], 47723)]         74.83          12.88           0.68             5.81              ned                   0   [0.0, 0.0, 0.0]    [23.77, 133.52]                   7.81   
mildlyinteresting             87   [([6, 3, 2020], 47747), ([10, 3, 2020], 47747)]        1365.1          34.63           0.89            39.42             14.3                  87   [0.0115, 0.0, 0.0]     [10.63, 56.03]                  73.86   
Art                         87   [([6, 3, 2020], 47788), ([10, 3, 2020], 47788)]        786.74          12.85           0.95            61.22              ned                   1   [0.046, 0.023, 0.0]      [6.02, 37.52]                  10.03   
DIY                         18   [([6, 3, 2020], 47820), ([10, 3, 2020], 47820)]         31.61          10.33           0.67             3.06              ned                   0   [0.0, 0.0, 0.0]     [10.17, 57.67]                   2.52   
sports                      18   [([6, 3, 2020], 47827), ([10, 3, 2020], 47827)]        674.78          34.22           0.73            19.72              ned                   0   [0.0, 0.0, 0.0]     [14.17, 83.39]                  56.94   
nottheonion                 14   [([6, 3, 2020], 47839), ([10, 3, 2020], 47839)]       1939.86          138.0           0.86            14.06              ned                   0   [0.0714, 0.0, 0.0]     [11.43, 70.64]                 351.07   
gadgets                      1   [([6, 3, 2020], 47849), ([10, 3, 2020], 47849)]        1597.0          257.0           0.92             6.21              6.0                   0   [0.0, 0.0, 0.0]        [9.0, 75.0]                 417.67   
television                  48   [([6, 3, 2020], 47852), ([10, 3, 2020], 47852)]        661.19          69.96           0.65             9.45              ned                   0   [0.0417, 0.0, 0.0]      [11.35, 68.9]                   65.3   
Documentaries               11   [([6, 3, 2020], 47882), ([10, 3, 2020], 47882)]         10.73           2.55           0.66             4.21              ned                   0   [0.0, 0.0, 0.0]      [14.45, 90.0]                   1.91   
photoshopbattles             29   [([6, 3, 2020], 47885), ([10, 3, 2020], 47885)]        1113.0          13.48           0.79            82.55              ned                   0   [0.0, 0.0, 0.0]      [6.07, 38.17]                  31.62   
listentothis                74   [([6, 3, 2020], 47896), ([10, 3, 2020], 47896)]          8.24           0.78           0.76            10.52              ned                   1   [0.0, 0.0, 0.0]      [8.38, 51.93]                   0.29   
UpliftingNews               21   [([6, 3, 2020], 47916), ([10, 3, 2020], 47916)]       1251.62          48.19            0.9            25.97              ned                   0   [0.0, 0.0476, 0.0]     [18.48, 116.1]                 119.05   
tifu                        50   [([6, 3, 2020], 47929), ([10, 3, 2020], 47929)]        1043.2           41.3           0.78            25.26              ned                   0   [0.02, 0.02, 0.0]     [10.36, 55.08]                 307.69   
history                     13   [([6, 3, 2020], 47955), ([10, 3, 2020], 47955)]        168.08          22.08           0.61             7.61              ned                   0   [0.0, 0.0, 0.0]     [11.08, 64.31]                  49.44   
philosophy                   5   [([6, 3, 2020], 47961), ([10, 3, 2020], 47961)]         307.0           11.6           0.79            26.47              7.0                   0   [0.0, 0.0, 0.0]       [15.6, 92.2]                  19.73   
Futurology                  38   [([6, 3, 2020], 47963), ([10, 3, 2020], 47963)]        453.76          50.87           0.74             8.92              ned                   0   [0.0, 0.0, 0.0]    [21.61, 140.18]                  87.55   
OldSchoolCool               82   [([6, 3, 2020], 47983), ([10, 3, 2020], 47983)]        359.48          14.87           0.93            24.18              ned                   0   [0.0, 0.0, 0.0]      [10.4, 59.34]                  26.07   
WritingPrompts              94   [([6, 3, 2020], 48015), ([10, 3, 2020], 48015)]         146.3           5.34           0.91            27.39            11.83                   0   [0.0, 0.0, 0.0]    [35.81, 199.86]                  14.31   
dataisbeautiful             38   [([6, 3, 2020], 48055), ([10, 3, 2020], 48055)]        457.26          29.45           0.73            15.53              ned                   0   [0.0263, 0.0, 0.0]     [11.66, 72.63]                   32.0   
personalfinance             77   [([6, 3, 2020], 48074), ([10, 3, 2020], 48074)]         11.58          17.32           0.84             0.67             0.74                   0   [0.0, 0.0, 0.0]     [12.64, 65.92]                  10.06   
nosleep                     43   [([6, 3, 2020], 48132), ([10, 3, 2020], 48132)]        134.74           8.93           0.89            15.09              ned                   0   [0.0233, 0.0233, 0.0]      [9.77, 49.65]                  13.42   
creepy                       2   [([6, 3, 2020], 48145), ([10, 3, 2020], 48145)]        5049.0          102.0           0.96             49.5             46.0                   0   [0.0, 0.0, 0.0]        [4.0, 20.5]                  134.0   
TwoXChromosomes             72   [([6, 3, 2020], 48147), ([10, 3, 2020], 48147)]         224.0          21.68           0.66            10.33              ned                   0   [0.0278, 0.0694, 0.0139]     [12.28, 66.42]                  24.89   
technology                  35   [([6, 3, 2020], 48202), ([10, 3, 2020], 48202)]        486.86          28.37           0.76            17.16              ned                   0   [0.0, 0.0, 0.0]     [12.14, 76.57]                  62.14   
memes                       99   [([6, 3, 2020], 48223), ([10, 3, 2020], 48223)]      23680.74         151.07           0.96           156.75           200.72                   0   [0.2828, 0.0404, 0.0]      [4.47, 22.25]                 242.76   
AdviceAnimals               32   [([6, 3, 2020], 48338), ([10, 3, 2020], 48338)]        1601.5          36.47           0.78            43.91              ned                   0   [0.0312, 0.0, 0.0]      [6.53, 34.34]                  50.99   
Fitness                      1   [([6, 3, 2020], 48358), ([10, 3, 2020], 48358)]         166.0          880.0           0.91             0.19              0.0                   0   [0.0, 0.0, 0.0]        [8.0, 46.0]                  12.33   
wholesomememes              68   [([6, 3, 2020], 48364), ([10, 3, 2020], 48364)]       4208.71          20.68           0.98           203.55              ned                   2   [0.0, 0.0, 0.0]      [6.41, 32.47]                  35.61   
WTF                          7   [([6, 3, 2020], 48395), ([10, 3, 2020], 48395)]       9061.71         238.57           0.88            37.98             23.0                   0   [0.0, 0.0, 0.0]      [6.14, 30.57]                  560.9   
politics                    91   [([6, 3, 2020], 48407), ([10, 3, 2020], 48407)]       6565.31         740.95           0.94             8.86            18.78                   0   [0.2637, 0.1209, 0.011]     [15.53, 97.69]                 458.66   
bestof                       8   [([6, 3, 2020], 48732), ([10, 3, 2020], 48732)]         388.0          18.75           0.73            20.69              ned                   0   [0.0, 0.125, 0.0]     [12.38, 81.62]                  28.25   
interestingasfuck             98   [([6, 3, 2020], 48738), ([10, 3, 2020], 48738)]       2794.36          52.05           0.94            53.68            29.77                   0   [0.0204, 0.0204, 0.0]     [11.34, 64.77]                  90.69   
BlackPeopleTwitter             35   [([6, 3, 2020], 48834), ([10, 3, 2020], 48834)]       7094.23          111.2           0.94             63.8            35.17                   0   [0.0571, 0.0571, 0.0]      [6.57, 34.74]                 291.64   
oddlysatisfying             89   [([6, 3, 2020], 48930), ([10, 3, 2020], 48930)]       1857.55          25.46           0.92            72.96              ned                   1   [0.0112, 0.0225, 0.0]       [6.57, 37.4]                  62.26   
travel                      33   [([6, 3, 2020], 49000), ([10, 3, 2020], 49000)]         99.58          13.85           0.62             7.19              ned                   0   [0.0, 0.0, 0.0]     [11.36, 62.21]                   4.56   
leagueoflegends             85   [([6, 3, 2020], 49020), ([10, 3, 2020], 49020)]        450.15          63.08           0.84             7.14              ned                   0   [0.0235, 0.0, 0.0]     [10.39, 56.74]                  82.69   
facepalm                    88   [([6, 3, 2020], 49197), ([10, 3, 2020], 49197)]       1266.49          34.93           0.89            36.26            17.45                   0   [0.0, 0.0, 0.0]      [7.81, 41.56]                  90.87   
me_irl                      92   [([6, 3, 2020], 49253), ([10, 3, 2020], 49253)]       1937.72           15.8           0.94           122.61              ned                   0   [0.0326, 0.0, 0.0]        [1.28, 6.0]                   29.1   
dankmemes                   99   [([6, 3, 2020], 49304), ([10, 3, 2020], 49304)]      17408.88         111.78           0.96           155.75            199.6                   0   [0.3636, 0.0707, 0.0101]      [4.51, 23.28]                 209.07   
NatureIsFuckingLit             53   [([6, 3, 2020], 49464), ([10, 3, 2020], 49464)]       3036.74          30.26           0.96           100.34              ned                   2   [0.0566, 0.0189, 0.0]     [13.28, 72.28]                  54.25   
pcmasterrace                89   [([6, 3, 2020], 49507), ([10, 3, 2020], 49507)]        570.53          25.61           0.94            22.28            11.26                   0   [0.0, 0.0, 0.0]     [10.15, 52.22]                  16.55   
Tinder                      92   [([6, 3, 2020], 49576), ([10, 3, 2020], 49576)]        1204.2          20.37           0.91            59.12              ned                   0   [0.0109, 0.0109, 0.0]      [6.75, 33.88]                  72.25   
nba                         87   [([6, 3, 2020], 49636), ([10, 3, 2020], 49636)]        879.08         133.52           0.91             6.58             5.44                   0   [0.0575, 0.023, 0.0]    [18.75, 108.02]                 286.98   
Whatcouldgowrong             33   [([6, 3, 2020], 49803), ([10, 3, 2020], 49803)]        2020.3          78.79           0.89            25.64            15.67                   0   [0.0, 0.0, 0.0]      [9.24, 45.61]                 165.44   
AnimalsBeingBros              6   [([6, 3, 2020], 49828), ([10, 3, 2020], 49828)]         898.5           9.17           0.95            98.02              ned                   0   [0.0, 0.0, 0.0]       [9.5, 50.17]                  18.83   
PS4                         86   [([6, 3, 2020], 49830), ([10, 3, 2020], 49830)]         91.35          23.29           0.53             3.92              ned                   0   [0.0, 0.0, 0.0]     [11.15, 62.31]                  12.47   
woahdude                    32   [([6, 3, 2020], 49864), ([10, 3, 2020], 49864)]        266.41           5.22            0.8            51.05              ned                   4   [0.0, 0.0, 0.0]      [7.72, 43.97]                   7.05   
tattoos                     56   [([6, 3, 2020], 49877), ([10, 3, 2020], 49877)]        232.43           6.66           0.91             34.9            24.77                   0   [0.0, 0.0, 0.0]      [13.82, 78.3]                   4.86   
AnimalsBeingJerks             22   [([6, 3, 2020], 49896), ([10, 3, 2020], 49896)]       1367.36          26.23           0.92            52.14              ned                   0   [0.0455, 0.0455, 0.0]      [8.86, 44.91]                  72.02   
BikiniBottomTwitter             54   [([6, 3, 2020], 49906), ([10, 3, 2020], 49906)]       2199.59          14.13           0.91           155.67              ned                   0   [0.037, 0.0, 0.0]      [4.26, 20.85]                  43.87   
reactiongifs                15   [([6, 3, 2020], 49924), ([10, 3, 2020], 49924)]         672.0          25.27           0.69             26.6              ned                   0   [0.0, 0.0667, 0.0]      [15.13, 77.2]                   31.0   
Overwatch                   85   [([6, 3, 2020], 49931), ([10, 3, 2020], 49931)]        160.81           9.59           0.86            16.77              ned                   1   [0.0, 0.0, 0.0]      [8.26, 43.76]                  17.32   
FoodPorn                    93   [([6, 3, 2020], 49963), ([10, 3, 2020], 49963)]        176.87           5.59           0.88            31.63              ned                   0   [0.0215, 0.0, 0.0]      [8.81, 53.33]                   3.98   
relationship_advice             90   [([6, 3, 2020], 49992), ([10, 3, 2020], 49992)]        140.36          63.64           0.84             2.21              ned                   0   [0.0111, 0.0111, 0.0]      [14.14, 74.9]                  90.74   
Unexpected                  75   [([6, 3, 2020], 50032), ([10, 3, 2020], 50032)]       1661.15          22.97           0.85            72.31              ned                   0   [0.0267, 0.0, 0.0]       [4.21, 22.4]                  55.19   
Minecraft                   94   [([6, 3, 2020], 50066), ([10, 3, 2020], 50066)]       2271.05          34.98           0.96            64.93              ned                  11   [0.0851, 0.234, 0.0]     [10.73, 56.97]                  72.54   
PewdiepieSubmissions             98   [([6, 3, 2020], 50186), ([10, 3, 2020], 50186)]       5630.35          54.53           0.96           103.25              ned                   0   [0.1327, 0.0204, 0.0]      [4.55, 22.88]                  63.34   
atheism                     78   [([6, 3, 2020], 50244), ([10, 3, 2020], 50244)]        328.71           25.9           0.82            12.69              ned                   1   [0.0128, 0.0, 0.0]     [12.59, 73.67]                  34.34   
gonewild                    95   [([6, 3, 2020], 50277), ([10, 3, 2020], 50277)]        626.37           28.6           0.99             21.9            17.12                   0   [0.0526, 0.0737, 0.0211]      [8.16, 40.92]                   2.99   
programming                 54   [([6, 3, 2020], 50317), ([10, 3, 2020], 50317)]         45.13          19.67           0.57             2.29              ned                   0   [0.0, 0.0, 0.0]      [10.8, 67.06]                  10.27   
boardgames                  45   [([6, 3, 2020], 50341), ([10, 3, 2020], 50341)]         43.73          24.96            0.7             1.75              ned                   0   [0.0, 0.0222, 0.0]      [9.36, 55.62]                   9.49   
gardening                   91   [([6, 3, 2020], 50365), ([10, 3, 2020], 50365)]         145.3           8.35           0.95             17.4              ned                   0   [0.0, 0.0, 0.0]     [13.77, 74.02]                   5.24   
