Albania                     13   [([6, 3, 2020], 54017), ([10, 3, 2020], 54017)]         23.54          11.62           0.88             2.03              ned                   0   [0.0, 0.0, 0.0]      [9.62, 56.92]                   7.23   
Belgium                     20   [([6, 3, 2020], 54022), ([10, 3, 2020], 54022)]         29.65          47.15           0.72             0.63              ned                   0   [0.0, 0.0, 0.0]        [8.1, 53.2]                  19.18   
slovenia                    13   [([6, 3, 2020], 54034), ([10, 3, 2020], 54034)]         93.92          12.62           0.95             7.45              ned                   0   [0.0, 0.0, 0.0]       [6.0, 37.46]                   9.67   
Bosnia                       1   [([6, 3, 2020], 54040), ([10, 3, 2020], 54040)]           8.0            9.0            0.9             0.89              1.0                   0   [0.0, 0.0, 0.0]        [2.0, 22.0]                   3.67   
Croatia                     51   [([6, 3, 2020], 54040), ([10, 3, 2020], 54040)]         55.53          27.51           0.76             2.02              ned                   0   [0.0196, 0.0, 0.0]      [8.45, 53.39]                  19.24   
France                      79   [([6, 3, 2020], 54063), ([10, 3, 2020], 54063)]         55.48          41.34           0.77             1.34              ned                   0   [0.0, 0.0, 0.0]     [11.42, 69.78]                  19.75   
Germany                     31   [([6, 3, 2020], 54106), ([10, 3, 2020], 54106)]         24.61           12.0           0.54             2.05              ned                   1   [0.0, 0.0, 0.0]      [9.42, 57.45]                   6.49   
Ireland                     87   [([6, 3, 2020], 54116), ([10, 3, 2020], 54116)]        120.83          31.94           0.86             3.78              ned                   0   [0.023, 0.0, 0.0]      [12.21, 71.9]                  21.87   
thenetherlands              17   [([6, 3, 2020], 54156), ([10, 3, 2020], 54156)]        116.94         117.18           0.85              1.0              ned                   0   [0.0, 0.0, 0.0]      [8.76, 61.18]                  39.59   
unitedkingdom               44   [([6, 3, 2020], 54170), ([10, 3, 2020], 54170)]         99.93          73.64           0.74             1.36              ned                   0   [0.0, 0.0, 0.0]     [12.18, 74.64]                  32.02   
Switzerland                  7   [([6, 3, 2020], 54203), ([10, 3, 2020], 54203)]         33.57          23.86           0.76             1.41              ned                   0   [0.0, 0.0, 0.0]     [10.86, 66.43]                    1.0   
Slovakia                     8   [([6, 3, 2020], 54206), ([10, 3, 2020], 54206)]         36.88            7.0           0.67             5.27              ned                   0   [0.0, 0.0, 0.0]     [11.12, 70.38]                  11.21   
Russia                      36   [([6, 3, 2020], 54208), ([10, 3, 2020], 54208)]         21.31           3.94           0.76              5.4              ned                   0   [0.0, 0.0, 0.0]     [11.19, 64.53]                   1.34   
