europe                      93   [([14, 3, 2020], 43224), ([18, 3, 2020], 43224)]        327.54          26.28           0.87            12.46              ned                   2   [0.0323, 0.0, 0.0]     [11.84, 72.09]                  22.81   
mildlyinfuriating             89   [([14, 3, 2020], 43311), ([18, 3, 2020], 43311)]         54.38           7.44           0.87             7.31              ned                   0   [0.0, 0.0, 0.0]     [10.12, 54.67]                   5.28   
pokemon                     95   [([14, 3, 2020], 43336), ([18, 3, 2020], 43336)]        820.51          23.91           0.96            34.32              ned                  12   [0.0211, 0.0105, 0.0]      [8.79, 46.82]                  28.37   
Damnthatsinteresting             52   [([14, 3, 2020], 43370), ([18, 3, 2020], 43370)]       1486.69          15.48           0.84            96.03              ned                   0   [0.0385, 0.0385, 0.0]     [11.71, 68.58]                  25.99   
Games                       31   [([14, 3, 2020], 43387), ([18, 3, 2020], 43387)]        517.29         116.48            0.8             4.44              ned                   0   [0.0, 0.0, 0.0]      [10.71, 61.0]                  82.78   
iphone                       3   [([14, 3, 2020], 43410), ([18, 3, 2020], 43410)]        331.67          68.67            0.8             4.83              3.0                   0   [0.0, 0.0, 0.0]        [9.0, 50.0]                   37.0   
AnimalsBeingDerps             93   [([14, 3, 2020], 43412), ([18, 3, 2020], 43412)]        752.75           8.62           0.95            87.29              ned                   0   [0.0215, 0.0, 0.0]      [7.59, 39.53]                  14.48   
loseit                      40   [([14, 3, 2020], 43438), ([18, 3, 2020], 43438)]        148.15           16.6           0.88             8.92              ned                   0   [0.0, 0.0, 0.0]      [9.68, 56.38]                  11.97   
nonononoyes                 22   [([14, 3, 2020], 43452), ([18, 3, 2020], 43452)]        676.64          10.45           0.73            64.72              ned                   0   [0.0455, 0.0, 0.0]      [5.41, 29.59]                  33.73   
itookapicture               94   [([14, 3, 2020], 43461), ([18, 3, 2020], 43461)]        142.29           2.68           0.94            53.08              ned                   0   [0.0106, 0.0106, 0.0]      [7.33, 36.05]                    0.3   
drawing                     90   [([14, 3, 2020], 43485), ([18, 3, 2020], 43485)]        204.68           5.54           0.95            36.92              ned                   0   [0.0, 0.0111, 0.0]      [8.04, 42.33]                   3.24   
humor                       10   [([14, 3, 2020], 43509), ([18, 3, 2020], 43509)]          78.9            3.9           0.72            20.23              ned                   0   [0.0, 0.0, 0.0]        [8.4, 48.9]                   3.77   
CrappyDesign                40   [([14, 3, 2020], 43511), ([18, 3, 2020], 43511)]       1195.15          19.05            0.8            62.74              ned                   0   [0.0, 0.0, 0.0]      [9.35, 52.77]                  56.42   
buildapc                    79   [([14, 3, 2020], 43525), ([18, 3, 2020], 43525)]         43.62          17.39           0.88             2.51              ned                   0   [0.0127, 0.0127, 0.0]      [7.71, 40.13]                   7.05   
Wellthatsucks               86   [([14, 3, 2020], 43553), ([18, 3, 2020], 43553)]       1053.01          22.55           0.85             46.7              ned                   0   [0.0233, 0.0116, 0.0]     [13.81, 72.98]                  65.45   
GifRecipes                   2   [([14, 3, 2020], 43584), ([18, 3, 2020], 43584)]        2482.0           79.5           0.93            31.22             28.5                   0   [0.0, 0.0, 0.0]        [4.0, 28.5]                  115.0   
BetterEveryLoop              4   [([14, 3, 2020], 43586), ([18, 3, 2020], 43586)]       6947.25          40.75            0.9           170.48            74.25                   0   [0.0, 0.25, 0.0]      [5.75, 28.25]                  129.5   
slowcooking                 14   [([14, 3, 2020], 43589), ([18, 3, 2020], 43589)]        246.93           9.21           0.85             26.8             16.5                   0   [0.0, 0.0, 0.0]     [11.71, 66.86]                   5.43   
trashy                      72   [([14, 3, 2020], 43593), ([18, 3, 2020], 43593)]        751.93          36.82            0.8            20.42              ned                   0   [0.0, 0.0, 0.0]     [10.43, 58.17]                  62.48   
WatchPeopleDieInside             15   [([14, 3, 2020], 43623), ([18, 3, 2020], 43623)]        6746.2         156.27           0.88            43.17              ned                   0   [0.0667, 0.0, 0.0]      [10.47, 55.2]                 431.09   
Eyebleach                   89   [([14, 3, 2020], 43630), ([18, 3, 2020], 43630)]       1345.67           9.44           0.96           142.58              ned                   0   [0.0225, 0.0112, 0.0]      [6.21, 31.98]                   15.5   
nfl                         92   [([14, 3, 2020], 43657), ([18, 3, 2020], 43657)]       1248.66         185.66           0.96             6.73             6.64                   0   [0.0109, 0.0326, 0.0109]    [27.43, 159.38]                 432.76   
hiphopheads                 70   [([14, 3, 2020], 44108), ([18, 3, 2020], 44108)]        124.06          16.99           0.78              7.3              ned                   0   [0.0, 0.0, 0.0]      [7.39, 40.97]                  24.38   
confession                   7   [([14, 3, 2020], 44134), ([18, 3, 2020], 44134)]        563.71          47.71            0.8            11.81             5.29                   0   [0.0, 0.1429, 0.0]     [12.14, 61.71]                   62.0   
YouShouldKnow               16   [([14, 3, 2020], 44137), ([18, 3, 2020], 44137)]        444.94          18.25            0.8            24.38              ned                   0   [0.0, 0.0, 0.0]     [19.62, 111.0]                  24.06   
offmychest                  85   [([14, 3, 2020], 44142), ([18, 3, 2020], 44142)]        113.86           7.12           0.91             16.0              ned                   0   [0.0471, 0.0, 0.0]      [8.99, 45.82]                  20.71   
woodworking                 82   [([14, 3, 2020], 44165), ([18, 3, 2020], 44165)]        180.54           13.1           0.93            13.78              ned                   0   [0.0, 0.0244, 0.0]     [17.07, 93.67]                   4.11   
Parenting                   44   [([14, 3, 2020], 44190), ([18, 3, 2020], 44190)]         93.48          19.25           0.87             4.86              ned                   0   [0.0, 0.0227, 0.0]      [9.64, 51.45]                  25.41   
nextfuckinglevel             51   [([14, 3, 2020], 44206), ([18, 3, 2020], 44206)]       3204.18          65.51           0.92            48.91            27.24                   1   [0.0784, 0.0196, 0.0]      [11.8, 67.18]                 142.31   
RoastMe                     38   [([14, 3, 2020], 44231), ([18, 3, 2020], 44231)]        313.97         118.29           0.83             2.65              ned                   0   [0.0, 0.0, 0.0]      [13.92, 71.5]                 119.66   
xboxone                     77   [([14, 3, 2020], 44256), ([18, 3, 2020], 44256)]         120.0          18.61           0.71             6.45              ned                   0   [0.0, 0.0, 0.0]      [12.0, 63.83]                   0.68   
MakeupAddiction             49   [([14, 3, 2020], 44280), ([18, 3, 2020], 44280)]        208.04           9.02           0.89            23.06              ned                   0   [0.0, 0.0, 0.0]      [7.51, 43.31]                   7.22   
ChoosingBeggars             49   [([14, 3, 2020], 44306), ([18, 3, 2020], 44306)]        190.31          26.16           0.82             7.27              ned                   0   [0.0, 0.0, 0.0]     [13.94, 76.53]                   40.9   
PublicFreakout              73   [([14, 3, 2020], 44325), ([18, 3, 2020], 44325)]        757.12          58.42           0.78            12.96              ned                   0   [0.0274, 0.0, 0.0]       [12.4, 71.6]                 119.77   
AmItheAsshole               87   [([14, 3, 2020], 44363), ([18, 3, 2020], 44363)]         647.1         133.45           0.86             4.85             2.78                   0   [0.0, 0.023, 0.0]     [12.41, 64.61]                 588.18   
ChildrenFallingOver              4   [([14, 3, 2020], 44432), ([18, 3, 2020], 44432)]       1695.25           19.5           0.89            86.94              ned                   0   [0.0, 0.0, 0.0]       [6.0, 33.75]                  40.66   
cats                        92   [([14, 3, 2020], 44434), ([18, 3, 2020], 44434)]        681.52          11.68           0.97            58.33              ned                   0   [0.0978, 0.0, 0.0]     [11.33, 59.62]                  15.75   
BeAmazed                    18   [([14, 3, 2020], 44464), ([18, 3, 2020], 44464)]        6190.5         129.72           0.93            47.72            39.56                   0   [0.2222, 0.1111, 0.0]     [13.56, 81.83]                 413.57   
pcgaming                    43   [([14, 3, 2020], 44478), ([18, 3, 2020], 44478)]        103.07          32.53           0.57             3.17              ned                   0   [0.0, 0.0, 0.0]      [10.47, 59.6]                   12.7   
HighQualityGifs             11   [([14, 3, 2020], 44497), ([18, 3, 2020], 44497)]       2393.18          20.64            0.9           115.97            33.18                   0   [0.0909, 0.3636, 0.0]      [8.64, 47.36]                 115.03   
EatCheapAndHealthy             18   [([14, 3, 2020], 44505), ([18, 3, 2020], 44505)]         33.11           8.22           0.88             4.03              ned                   0   [0.0, 0.0, 0.0]      [6.11, 33.06]                   4.02   
teenagers                   95   [([14, 3, 2020], 44514), ([18, 3, 2020], 44514)]       4467.96          68.28           0.97            65.43              ned                   0   [0.1053, 0.0526, 0.0]      [7.56, 38.22]                 107.91   
cars                        28   [([14, 3, 2020], 44564), ([18, 3, 2020], 44564)]        103.11          43.36           0.71             2.38              ned                   0   [0.0, 0.0, 0.0]      [9.75, 55.93]                  34.26   
Roadcam                     11   [([14, 3, 2020], 44610), ([18, 3, 2020], 44610)]         67.45          20.55           0.84             3.28              ned                   0   [0.0, 0.0, 0.0]     [13.27, 73.45]                   20.3   
NetflixBestOf                9   [([14, 3, 2020], 44614), ([18, 3, 2020], 44614)]        308.33          16.11           0.69            19.14              ned                   0   [0.0, 0.0, 0.0]    [20.56, 133.67]                  21.92   
keto                        37   [([14, 3, 2020], 44617), ([18, 3, 2020], 44617)]         54.14          12.05           0.81             4.49              ned                   0   [0.027, 0.0, 0.0]      [6.89, 38.62]                   5.93   
raspberry_pi                 7   [([14, 3, 2020], 44629), ([18, 3, 2020], 44629)]         89.43           6.71           0.87            13.32              ned                   0   [0.0, 0.0, 0.0]     [14.57, 84.71]                   0.95   
AskMen                      82   [([14, 3, 2020], 44631), ([18, 3, 2020], 44631)]         75.73          37.06           0.76             2.04              ned                   0   [0.0122, 0.0, 0.0]     [14.54, 76.44]                  63.72   
HumansBeingBros             85   [([14, 3, 2020], 44735), ([18, 3, 2020], 44735)]       1445.11           22.4           0.97            64.51            27.51                   0   [0.0471, 0.0353, 0.0]     [15.07, 85.18]                  47.85   
HistoryPorn                  4   [([14, 3, 2020], 44764), ([18, 3, 2020], 44764)]         624.5           11.0           0.95            56.77             37.5                   0   [0.0, 0.0, 0.0]     [24.25, 161.0]                   9.25   
MadeMeSmile                 91   [([14, 3, 2020], 44765), ([18, 3, 2020], 44765)]       2325.96          31.78           0.95            73.19              ned                   0   [0.0989, 0.0989, 0.044]     [15.22, 80.38]                  57.47   
NintendoSwitch              59   [([14, 3, 2020], 44799), ([18, 3, 2020], 44799)]        164.76          33.12           0.55             4.97              ned                   0   [0.0, 0.0, 0.0]      [9.93, 59.07]                  26.68   
backpacking                 12   [([14, 3, 2020], 44826), ([18, 3, 2020], 44826)]        298.08           6.33            0.9            47.07              ned                   0   [0.0, 0.0, 0.0]     [12.42, 70.25]                   8.72   
OutOfTheLoop                14   [([14, 3, 2020], 44830), ([18, 3, 2020], 44830)]        294.93          54.43           0.61             5.42              ned                   0   [0.0, 0.0, 0.0]      [12.5, 72.79]                  94.86   
RealGirls                   94   [([14, 3, 2020], 44837), ([18, 3, 2020], 44837)]        492.45          16.43           0.98            29.98            22.57                   0   [0.0426, 0.0532, 0.0213]       [9.22, 45.0]                   1.85   
rickandmorty                40   [([14, 3, 2020], 44869), ([18, 3, 2020], 44869)]        509.38           6.78           0.84            75.18              ned                   0   [0.0, 0.0, 0.0]       [6.45, 34.7]                   7.89   
Cooking                     69   [([14, 3, 2020], 44881), ([18, 3, 2020], 44881)]         15.48          11.28           0.84             1.37              ned                   0   [0.0, 0.0, 0.0]      [8.59, 49.38]                   5.16   
streetwear                  65   [([14, 3, 2020], 44906), ([18, 3, 2020], 44906)]         75.26           5.18            0.8            14.52              ned                   0   [0.0, 0.0, 0.0]      [10.48, 59.4]                   3.75   
biology                     37   [([14, 3, 2020], 44924), ([18, 3, 2020], 44924)]          4.81           2.86           0.67             1.68              ned                   0   [0.0, 0.0, 0.0]      [14.3, 86.97]                   2.04   
IdiotsInCars                37   [([14, 3, 2020], 44934), ([18, 3, 2020], 44934)]       3008.73          92.68           0.83            32.47              ned                   0   [0.027, 0.0, 0.027]      [9.97, 54.08]                 187.82   
insanepeoplefacebook             88   [([14, 3, 2020], 44958), ([18, 3, 2020], 44958)]        333.91          20.81           0.92            16.05              ned                   0   [0.0, 0.0, 0.0]      [9.52, 52.84]                  29.44   
MurderedByWords             34   [([14, 3, 2020], 44988), ([18, 3, 2020], 44988)]       1097.97          17.56           0.83            62.53              ned                   0   [0.0, 0.0, 0.0]      [8.97, 50.35]                  34.73   
frugalmalefashion             17   [([14, 3, 2020], 45011), ([18, 3, 2020], 45011)]         53.18          19.06           0.73             2.79              ned                   0   [0.0, 0.0, 0.0]      [9.29, 54.29]                  18.67   
DnD                         88   [([14, 3, 2020], 45018), ([18, 3, 2020], 45018)]         268.3          10.73           0.91            25.01              ned                  13   [0.0341, 0.0114, 0.0]     [12.55, 70.31]                    8.1   
youseeingthisshit              4   [([14, 3, 2020], 45071), ([18, 3, 2020], 45071)]        772.75           10.5           0.92             73.6            72.25                   0   [0.0, 0.0, 0.0]        [5.5, 28.5]                   9.16   
KidsAreFuckingStupid             25   [([14, 3, 2020], 45073), ([18, 3, 2020], 45073)]        270.92           18.2           0.84            14.89              ned                   0   [0.04, 0.0, 0.0]     [10.24, 51.56]                  19.84   
recipes                     16   [([14, 3, 2020], 45082), ([18, 3, 2020], 45082)]        288.56          11.12           0.95            25.94              ned                   0   [0.0, 0.0, 0.0]      [8.69, 53.25]                  11.85   
therewasanattempt             75   [([14, 3, 2020], 45087), ([18, 3, 2020], 45087)]       1500.67          22.48           0.84            66.76              ned                   0   [0.0, 0.0, 0.0]      [5.65, 29.23]                  64.28   
mac                         53   [([14, 3, 2020], 45115), ([18, 3, 2020], 45115)]         26.45           7.87           0.88             3.36              ned                   0   [0.0, 0.0, 0.0]      [12.09, 64.0]                   2.89   
nevertellmetheodds              5   [([14, 3, 2020], 45132), ([18, 3, 2020], 45132)]         754.0           18.6           0.86            40.54             27.4                   0   [0.0, 0.0, 0.0]        [6.6, 36.4]                  19.46   
MovieDetails                29   [([14, 3, 2020], 45134), ([18, 3, 2020], 45134)]       2046.72          27.52           0.82            74.38              ned                   0   [0.0, 0.0345, 0.0]    [33.79, 191.14]                   82.9   
WhitePeopleTwitter             90   [([14, 3, 2020], 45146), ([18, 3, 2020], 45146)]        2924.3           41.2           0.96            70.98              ned                   0   [0.0111, 0.0, 0.0]      [4.66, 24.69]                  90.47   
NoStupidQuestions             87   [([14, 3, 2020], 45183), ([18, 3, 2020], 45183)]         55.61          14.14           0.87             3.93              ned                   0   [0.0, 0.0, 0.0]     [15.24, 83.22]                  27.74   
trees                       92   [([14, 3, 2020], 45209), ([18, 3, 2020], 45209)]        326.13          17.32           0.95            18.83              ned                   0   [0.0, 0.0109, 0.0]       [8.88, 47.8]                  22.52   
cursedcomments              87   [([14, 3, 2020], 45247), ([18, 3, 2020], 45247)]       1459.76           14.9           0.97            97.99            59.31                   0   [0.0, 0.0, 0.0]      [1.54, 14.94]                  16.13   
ArtisanVideos                2   [([14, 3, 2020], 45278), ([18, 3, 2020], 45278)]         247.5           22.5            0.9             11.0             11.0                   0   [0.0, 0.0, 0.0]        [5.5, 38.0]                  19.34   
sex                         93   [([14, 3, 2020], 45279), ([18, 3, 2020], 45279)]          91.1          14.67           0.86             6.21             1.97                   0   [0.0, 0.0108, 0.0]     [10.35, 55.08]                  18.24   
Awwducational                7   [([14, 3, 2020], 45309), ([18, 3, 2020], 45309)]         62.57           4.43           0.89            14.13            11.29                   0   [0.0, 0.0, 0.0]    [42.57, 264.14]                   1.52   
battlestations              83   [([14, 3, 2020], 45311), ([18, 3, 2020], 45311)]         97.71           8.47           0.87            11.54              ned                   0   [0.0, 0.0, 0.0]      [9.13, 51.37]                   2.44   
electronicmusic             30   [([14, 3, 2020], 45334), ([18, 3, 2020], 45334)]         31.17          18.23           0.92             1.71              ned                   0   [0.0, 0.0, 0.0]       [9.9, 59.23]                    3.0   
Outdoors                    50   [([14, 3, 2020], 45344), ([18, 3, 2020], 45344)]        130.26           3.92           0.92            33.23              ned                   0   [0.0, 0.0, 0.0]       [7.36, 43.3]                   3.39   
socialskills                54   [([14, 3, 2020], 45357), ([18, 3, 2020], 45357)]         46.33           8.15           0.89             5.69              ned                   0   [0.0, 0.0, 0.0]     [10.87, 58.11]                   6.53   
HistoryMemes                95   [([14, 3, 2020], 45371), ([18, 3, 2020], 45371)]       2531.83          37.65           0.97            67.24              ned                   4   [0.0316, 0.0, 0.0]      [5.74, 30.74]                  68.76   
horror                      44   [([14, 3, 2020], 45411), ([18, 3, 2020], 45411)]         56.36          16.32           0.68             3.45              ned                   0   [0.0, 0.0, 0.0]     [11.98, 68.57]                   9.17   
whatisthisthing             79   [([14, 3, 2020], 45426), ([18, 3, 2020], 45426)]         25.73          11.54           0.76             2.23              ned                   1   [0.0, 0.0, 0.0]     [15.18, 79.19]                   9.87   
StarWars                    93   [([14, 3, 2020], 45449), ([18, 3, 2020], 45449)]        547.56          25.86           0.88            21.17              ned                   0   [0.0215, 0.0, 0.0]     [12.89, 69.76]                  42.65   
coolguides                  37   [([14, 3, 2020], 45484), ([18, 3, 2020], 45484)]       2263.24          75.51           0.88            29.97              ned                   0   [0.0811, 0.0541, 0.0]      [7.65, 43.08]                  90.27   
natureismetal               14   [([14, 3, 2020], 45502), ([18, 3, 2020], 45502)]       2294.43          41.57            0.9            55.19              ned                   2   [0.0, 0.0, 0.0]      [8.36, 45.14]                  97.31   
anime                       65   [([14, 3, 2020], 45509), ([18, 3, 2020], 45509)]        418.08          53.74           0.81             7.78              ned                   0   [0.0308, 0.0769, 0.0154]      [8.35, 50.29]                  43.53   
MealPrepSunday              19   [([14, 3, 2020], 45540), ([18, 3, 2020], 45540)]         54.47           4.53           0.87            12.03              ned                   0   [0.0, 0.0, 0.0]      [11.0, 63.68]                   4.39   
nsfw                        53   [([14, 3, 2020], 45544), ([18, 3, 2020], 45544)]        559.32           6.25           0.94            89.56            82.57                   0   [0.0, 0.0, 0.0]      [3.15, 17.28]                   4.48   
NSFW_GIF                    22   [([14, 3, 2020], 45560), ([18, 3, 2020], 45560)]        599.41           8.36           0.93            71.67            58.95                   0   [0.0, 0.0, 0.0]      [3.91, 21.41]                   8.15   
holdthemoan                  3   [([14, 3, 2020], 45566), ([18, 3, 2020], 45566)]        2956.0           22.0           0.97           134.36            99.33                   0   [1.0, 0.0, 0.0]       [12.0, 58.0]                   27.0   
BustyPetite                 36   [([14, 3, 2020], 45568), ([18, 3, 2020], 45568)]        355.08           8.25           0.92            43.04              ned                   0   [0.0, 0.0, 0.0]      [4.67, 24.67]                   0.81   
cumsluts                    77   [([14, 3, 2020], 45579), ([18, 3, 2020], 45579)]        156.23           2.57           0.94            60.76              ned                   0   [0.0, 0.0, 0.013]      [5.73, 29.58]                   1.63   
PetiteGoneWild              91   [([14, 3, 2020], 45600), ([18, 3, 2020], 45600)]        300.84          10.41           0.98            28.91            22.96                   0   [0.022, 0.044, 0.0]      [8.82, 43.48]                   1.48   
adorableporn                67   [([14, 3, 2020], 45628), ([18, 3, 2020], 45628)]        218.99           5.04           0.93            43.41              ned                   0   [0.0299, 0.0, 0.0]      [6.34, 30.88]                   0.82   
nsfw_gifs                   41   [([14, 3, 2020], 45647), ([18, 3, 2020], 45647)]        147.66           2.63           0.89            56.06              ned                   0   [0.0, 0.0, 0.0]      [6.22, 33.37]                   1.09   
AsiansGoneWild              99   [([14, 3, 2020], 45659), ([18, 3, 2020], 45659)]        361.47          15.31           0.98            23.61            22.16                   0   [0.0303, 0.0707, 0.0101]      [8.87, 43.44]                   2.71   
GirlsFinishingTheJob             11   [([14, 3, 2020], 45691), ([18, 3, 2020], 45691)]        501.09           5.82           0.96            86.12              ned                   0   [0.0, 0.0, 0.0]      [7.82, 41.73]                   4.73   
collegesluts                95   [([14, 3, 2020], 45695), ([18, 3, 2020], 45695)]        153.41           4.86           0.96            31.55              ned                   0   [0.0, 0.0105, 0.0]       [5.52, 27.8]                   1.14   
hentai                     100   [([14, 3, 2020], 45722), ([18, 3, 2020], 45722)]        983.22           8.39           0.98           117.19           168.51                   0   [0.02, 0.01, 0.0]      [3.56, 19.44]                   7.24   
TittyDrop                   46   [([14, 3, 2020], 45751), ([18, 3, 2020], 45751)]        222.28           7.52           0.92            29.55              ned                   0   [0.0435, 0.0217, 0.0]       [5.8, 30.22]                   1.22   
porninfifteenseconds             15   [([14, 3, 2020], 45765), ([18, 3, 2020], 45765)]         189.4           2.87           0.89            66.07              ned                   0   [0.0, 0.0, 0.0]       [7.27, 40.0]                   2.62   
porn                        85   [([14, 3, 2020], 45770), ([18, 3, 2020], 45770)]        148.92           3.16           0.94            47.06            37.22                   0   [0.0, 0.0, 0.0]       [6.95, 48.2]                   0.67   
ass                         62   [([14, 3, 2020], 45798), ([18, 3, 2020], 45798)]        158.87           2.74            0.9            57.94              ned                   0   [0.0, 0.0, 0.0]       [3.85, 19.5]                   0.56   
pawg                        36   [([14, 3, 2020], 45814), ([18, 3, 2020], 45814)]        206.06           3.89           0.92            52.99              ned                   0   [0.0, 0.0, 0.0]       [5.5, 27.86]                    1.5   
milf                        36   [([14, 3, 2020], 45825), ([18, 3, 2020], 45825)]        258.28          13.61           0.96            18.98            16.36                   0   [0.0556, 0.0, 0.0]      [8.36, 44.19]                   1.52   
NSFWFunny                   17   [([14, 3, 2020], 45837), ([18, 3, 2020], 45837)]         482.0           8.24           0.85            58.53              ned                   0   [0.0, 0.0, 0.0]      [5.12, 27.88]                  18.51   
OnOff                       33   [([14, 3, 2020], 45843), ([18, 3, 2020], 45843)]        212.91           4.18            0.9            50.91              ned                   0   [0.0, 0.0, 0.0]      [5.55, 28.45]                   0.73   
