18_03_2020_19     num_of_posts                                           datetime   avg_upvotes   avg_comments   avg_ud_ratio   avg_uc_ratio_1   avg_uc_ratio_2   num_of_oc_content              avg_awards   avg_title_length   avg_u_top10_comments   
Austria                     81   [([14, 3, 2020], 39677), ([18, 3, 2020], 39677)]         45.27           16.2           0.85             2.79              ned                   0   [0.0, 0.0123, 0.0123]      [7.56, 50.78]                   9.13   
Albania                      7   [([14, 3, 2020], 39703), ([18, 3, 2020], 39703)]         20.57           11.0           0.74             1.87              ned                   0   [0.0, 0.0, 0.0]     [15.14, 84.43]                   4.81   
Belgium                     35   [([14, 3, 2020], 39706), ([18, 3, 2020], 39706)]         44.46          34.06           0.76             1.31              ned                   0   [0.0, 0.0286, 0.0]       [8.91, 55.0]                  16.56   
slovenia                    11   [([14, 3, 2020], 39721), ([18, 3, 2020], 39721)]         40.73          13.82           0.79             2.95              3.0                   0   [0.0, 0.0, 0.0]      [5.64, 35.18]                   6.67   
Bosnia                       1   [([14, 3, 2020], 39725), ([18, 3, 2020], 39725)]           5.0            3.0            1.0             1.67              2.0                   0   [0.0, 0.0, 0.0]      [46.0, 230.0]                   0.67   
Croatia                     37   [([14, 3, 2020], 39726), ([18, 3, 2020], 39726)]         55.65          21.49           0.82             2.59              ned                   0   [0.027, 0.0, 0.0]      [6.76, 40.68]                  16.14   
France                      90   [([14, 3, 2020], 39740), ([18, 3, 2020], 39740)]        111.94           45.0           0.86             2.49              ned                   1   [0.0111, 0.0444, 0.0111]     [12.02, 73.76]                  25.34   
Germany                     29   [([14, 3, 2020], 39790), ([18, 3, 2020], 39790)]         61.14          15.97           0.55             3.83              ned                   0   [0.0, 0.0, 0.0]      [10.0, 55.55]                   8.61   
Ireland                     94   [([14, 3, 2020], 39800), ([18, 3, 2020], 39800)]         227.9          37.45           0.89             6.09              ned                   0   [0.0106, 0.0213, 0.0]      [12.7, 73.33]                  36.25   
thenetherlands               8   [([14, 3, 2020], 39844), ([18, 3, 2020], 39844)]        269.38         315.75           0.85             0.85             4.88                   1   [0.125, 0.125, 0.0]      [9.12, 66.88]                  26.58   
unitedkingdom               62   [([14, 3, 2020], 39853), ([18, 3, 2020], 39853)]        148.97          90.34           0.82             1.65              ned                   0   [0.0161, 0.0, 0.0]     [12.26, 75.21]                  39.88   
Switzerland                  9   [([14, 3, 2020], 39896), ([18, 3, 2020], 39896)]         62.44           56.0            0.8             1.12              ned                   0   [0.1111, 0.0, 0.0]     [11.11, 65.44]                   3.26   
Slovakia                    14   [([14, 3, 2020], 39901), ([18, 3, 2020], 39901)]         48.43           6.21           0.74             7.79              ned                   0   [0.0, 0.0, 0.0]      [5.71, 36.64]                   3.33   
Russia                      19   [([14, 3, 2020], 39905), ([18, 3, 2020], 39905)]         22.84           6.47           0.73             3.53              ned                   0   [0.0, 0.0, 0.0]      [9.26, 55.05]                   4.26   
NYC                         74   [([14, 3, 2020], 39911), ([18, 3, 2020], 39911)]        140.93          49.61           0.84             2.84              ned                   0   [0.0, 0.0135, 0.0]     [11.46, 68.54]                  39.22   
Seattle                     73   [([14, 3, 2020], 39949), ([18, 3, 2020], 39949)]         95.95          13.51           0.73              7.1              ned                   0   [0.0137, 0.0, 0.0]     [10.89, 63.84]                  10.66   
Chicago                     10   [([14, 3, 2020], 39995), ([18, 3, 2020], 39995)]         248.1           66.7           0.75             3.72              ned                   0   [0.0, 0.0, 0.0]       [12.2, 72.3]                   56.4   
Toronto                     36   [([14, 3, 2020], 40001), ([18, 3, 2020], 40001)]        235.19          64.25           0.82             3.66              ned                   0   [0.0556, 0.0278, 0.0]     [10.39, 64.56]                  61.06   
LosAngeles                  28   [([14, 3, 2020], 40024), ([18, 3, 2020], 40024)]        192.39          49.11           0.86             3.92              ned                   0   [0.0, 0.0, 0.0]     [11.32, 65.96]                  31.14   
Portland                    76   [([14, 3, 2020], 40040), ([18, 3, 2020], 40040)]        125.14          33.29            0.8             3.76              ned                   0   [0.0, 0.0, 0.0]     [11.68, 65.92]                  30.65   
Boston                      49   [([14, 3, 2020], 40073), ([18, 3, 2020], 40073)]        155.67          27.02           0.81             5.76              ned                   0   [0.0204, 0.0, 0.0]     [10.53, 62.18]                   29.2   
Austin                      80   [([14, 3, 2020], 40094), ([18, 3, 2020], 40094)]        133.07          37.34           0.78             3.56              ned                   0   [0.0125, 0.0375, 0.0]     [10.04, 58.11]                  26.39   
SanFrancisco                79   [([14, 3, 2020], 40129), ([18, 3, 2020], 40129)]         83.86          11.15           0.77             7.52              ned                   2   [0.0127, 0.0, 0.0]     [12.06, 70.47]                   8.68   
Vancouver                   92   [([14, 3, 2020], 40156), ([18, 3, 2020], 40156)]        180.73          43.62           0.87             4.14              ned                   0   [0.0109, 0.0109, 0.0109]     [11.89, 71.13]                  33.81   
WashingtonDC                38   [([14, 3, 2020], 40202), ([18, 3, 2020], 40202)]         89.79          13.29            0.8             6.76              ned                   1   [0.0, 0.0263, 0.0]     [10.32, 58.58]                  11.02   
Houston                     34   [([14, 3, 2020], 40215), ([18, 3, 2020], 40215)]        164.35          30.62           0.74             5.37              ned                   0   [0.0, 0.0588, 0.0]      [9.76, 55.71]                  27.01   
Atlanta                     30   [([14, 3, 2020], 40231), ([18, 3, 2020], 40231)]         128.7           35.1           0.78             3.67              ned                   0   [0.0, 0.0, 0.0]      [11.57, 70.3]                  19.87   
Philadelphia                40   [([14, 3, 2020], 40248), ([18, 3, 2020], 40248)]        100.62          28.45           0.74             3.54              ned                   0   [0.0, 0.0, 0.0]       [9.4, 55.95]                  24.59   
Denver                      35   [([14, 3, 2020], 40264), ([18, 3, 2020], 40264)]         62.86          17.31           0.82             3.63              ned                   0   [0.0, 0.0, 0.0]     [10.37, 65.43]                  13.59   
Melbourne                   51   [([14, 3, 2020], 40276), ([18, 3, 2020], 40276)]         92.71           31.9           0.82             2.91              ned                   0   [0.0196, 0.0196, 0.0]     [10.08, 58.06]                  16.96   
SanDiego                    61   [([14, 3, 2020], 40296), ([18, 3, 2020], 40296)]          62.2          19.67           0.82             3.16              ned                   1   [0.0492, 0.0328, 0.0328]      [11.1, 64.21]                  14.68   
Dallas                      13   [([14, 3, 2020], 40318), ([18, 3, 2020], 40318)]        131.08          36.77           0.72             3.56              ned                   0   [0.0, 0.0, 0.0]     [10.31, 62.38]                  34.59   
Montreal                     8   [([14, 3, 2020], 40324), ([18, 3, 2020], 40324)]          87.0          17.25           0.78             5.04              ned                   0   [0.0, 0.0, 0.0]     [10.88, 59.75]                  12.54   
Sydney                      58   [([14, 3, 2020], 40327), ([18, 3, 2020], 40327)]        105.79          26.88           0.72             3.94              ned                   0   [0.0, 0.0172, 0.0]     [12.21, 69.76]                   24.4   
Pittsburgh                  28   [([14, 3, 2020], 40350), ([18, 3, 2020], 40350)]         58.46          23.43           0.68              2.5              ned                   0   [0.0, 0.0, 0.0]      [9.32, 56.93]                  19.93   
Calgary                     79   [([14, 3, 2020], 40375), ([18, 3, 2020], 40375)]         64.18           32.7           0.78             1.96              ned                   0   [0.0, 0.0, 0.0]      [9.53, 58.15]                  19.11   
Baltimore                   21   [([14, 3, 2020], 40409), ([18, 3, 2020], 40409)]         50.14           9.81           0.74             5.11              ned                   0   [0.0, 0.0, 0.0]      [9.33, 61.38]                   8.89   
StLouis                     39   [([14, 3, 2020], 40416), ([18, 3, 2020], 40416)]         67.13          19.72           0.83              3.4              ned                   0   [0.0, 0.0, 0.0]     [10.31, 64.64]                   0.84   
funny                       87   [([14, 3, 2020], 40431), ([18, 3, 2020], 40431)]       6937.25         103.92           0.92            66.76            48.43                   0   [0.0575, 0.092, 0.0115]      [7.83, 43.17]                  269.6   
AskReddit                   92   [([14, 3, 2020], 40487), ([18, 3, 2020], 40487)]        950.22         307.09           0.82             3.09             0.78                   0   [0.0, 0.0109, 0.0]     [15.08, 81.23]                 530.76   
gaming                      79   [([14, 3, 2020], 40585), ([18, 3, 2020], 40585)]       3075.61          60.62           0.86            50.74              ned                   0   [0.0253, 0.0253, 0.0127]     [10.94, 58.42]                 116.35   
pics                        95   [([14, 3, 2020], 40626), ([18, 3, 2020], 40626)]       5697.07         129.14           0.89            44.12              ned                   2   [0.2737, 0.2526, 0.0526]      [9.49, 52.47]                 214.06   
aww                         88   [([14, 3, 2020], 40675), ([18, 3, 2020], 40675)]       9632.84         100.35           0.97            95.99              ned                   0   [0.2045, 0.25, 0.0114]      [9.23, 47.62]                 257.79   
science                     22   [([14, 3, 2020], 40735), ([18, 3, 2020], 40735)]        1669.5          44.55           0.78            37.48              ned                   0   [0.0, 0.0, 0.0]    [27.77, 182.09]                  41.65   
worldnews                   94   [([14, 3, 2020], 40767), ([18, 3, 2020], 40767)]       3588.18         234.07           0.93            15.33             13.7                   0   [0.0745, 0.0213, 0.0]    [16.94, 108.19]                 407.53   
Music                       86   [([14, 3, 2020], 40855), ([18, 3, 2020], 40855)]        118.99           6.37           0.87            18.67              ned                   0   [0.0116, 0.0, 0.0]       [9.01, 52.9]                    6.3   
movies                      75   [([14, 3, 2020], 40880), ([18, 3, 2020], 40880)]        853.19          54.21           0.72            15.74              ned                   0   [0.0133, 0.0, 0.0]     [11.92, 73.95]                 183.28   
videos                      89   [([14, 3, 2020], 40913), ([18, 3, 2020], 40913)]       1152.37          60.71           0.78            18.98              ned                   0   [0.0337, 0.0562, 0.0112]     [12.45, 74.66]                 103.44   
todayilearned               63   [([14, 3, 2020], 40952), ([18, 3, 2020], 40952)]        2797.4          77.56           0.89            36.07              ned                   0   [0.0317, 0.0, 0.0]    [34.46, 200.29]                 189.64   
news                        19   [([14, 3, 2020], 41115), ([18, 3, 2020], 41115)]       7529.16         646.84           0.91            11.64            11.68                   0   [0.2105, 0.0526, 0.0]      [11.68, 74.0]                1142.95   
IAmA                         8   [([14, 3, 2020], 41137), ([18, 3, 2020], 41137)]       1085.88          281.5           0.81             3.86             1.75                   0   [0.0, 0.375, 0.0]    [19.38, 117.12]                 189.79   
gifs                        55   [([14, 3, 2020], 41146), ([18, 3, 2020], 41146)]       1616.58          19.75           0.69            81.87              ned                   2   [0.0, 0.0, 0.0]      [8.09, 46.02]                  54.58   
Showerthoughts              91   [([14, 3, 2020], 41167), ([18, 3, 2020], 41167)]        554.35          10.95            0.9            50.65              ned                   0   [0.0, 0.0, 0.0]      [15.76, 86.4]                  27.87   
EarthPorn                   73   [([14, 3, 2020], 41198), ([18, 3, 2020], 41198)]       1031.74          12.97           0.94            79.53              ned                  72   [0.0411, 0.0274, 0.0]     [11.56, 74.34]                  12.16   
askscience                  16   [([14, 3, 2020], 41220), ([18, 3, 2020], 41220)]        413.31          24.88           0.75            16.62              ned                   0   [0.0, 0.0, 0.0]    [17.81, 100.38]                 105.65   
Jokes                       86   [([14, 3, 2020], 41225), ([18, 3, 2020], 41225)]       1148.35          26.24           0.89            43.76              ned                   0   [0.0465, 0.0233, 0.0116]     [10.58, 54.71]                  91.89   
food                        95   [([14, 3, 2020], 41254), ([18, 3, 2020], 41254)]        428.64          14.21           0.94            30.16              ned                  95   [0.0105, 0.0105, 0.0]      [5.87, 41.99]                   7.35   
explainlikeimfive             55   [([14, 3, 2020], 41284), ([18, 3, 2020], 41284)]        190.24          23.89           0.62             7.96              ned                   0   [0.0, 0.0, 0.0]     [13.38, 75.05]                   0.86   
books                       27   [([14, 3, 2020], 41302), ([18, 3, 2020], 41302)]        147.48          20.11           0.72             7.33              ned                   0   [0.0, 0.0, 0.0]      [9.07, 55.22]                   18.2   
blog                         1   [([14, 3, 2020], 41312), ([18, 3, 2020], 41312)]       22655.0         2539.0           0.86             8.92              9.0                   0   [7.0, 2.0, 2.0]        [3.0, 14.0]                1983.67   
LifeProTips                 78   [([14, 3, 2020], 41316), ([18, 3, 2020], 41316)]         23.71           7.62           0.72             3.11              ned                   0   [0.0, 0.0, 0.0]     [22.5, 123.33]                   2.69   
mildlyinteresting             89   [([14, 3, 2020], 41338), ([18, 3, 2020], 41338)]       1465.06          30.18           0.88            48.54              ned                  89   [0.0225, 0.0225, 0.0]     [11.75, 62.13]                  53.75   
Art                         95   [([14, 3, 2020], 41372), ([18, 3, 2020], 41372)]        868.04          12.42           0.96            69.88              ned                   0   [0.0316, 0.0632, 0.0105]      [6.14, 38.15]                  15.33   
DIY                         15   [([14, 3, 2020], 41400), ([18, 3, 2020], 41400)]        289.67          23.53           0.77            12.31              6.6                   0   [0.0, 0.0, 0.0]       [9.2, 53.73]                  12.76   
sports                       9   [([14, 3, 2020], 41406), ([18, 3, 2020], 41406)]        669.33          58.11           0.85            11.52              ned                   0   [0.1111, 0.0, 0.0]     [15.78, 91.67]                 147.37   
nottheonion                  4   [([14, 3, 2020], 41411), ([18, 3, 2020], 41411)]        2621.0         108.75           0.84             24.1            13.75                   0   [0.0, 0.0, 0.0]      [11.25, 70.5]                  408.0   
gadgets                      2   [([14, 3, 2020], 41414), ([18, 3, 2020], 41414)]        1523.0          387.0           0.87             3.94              3.5                   0   [0.0, 0.0, 0.0]       [12.5, 77.5]                  215.5   
television                  64   [([14, 3, 2020], 41418), ([18, 3, 2020], 41418)]        693.98          36.55           0.73            18.99              ned                   0   [0.0, 0.0, 0.0]     [12.09, 74.58]                   63.4   
Documentaries               14   [([14, 3, 2020], 41445), ([18, 3, 2020], 41445)]        358.14          45.71           0.74             7.83              ned                   0   [0.0, 0.0, 0.0]     [19.5, 118.14]                  35.05   
photoshopbattles             19   [([14, 3, 2020], 41452), ([18, 3, 2020], 41452)]        940.47          20.68           0.85            45.47              ned                   0   [0.0, 0.0, 0.0]      [7.05, 46.84]                  54.89   
listentothis                85   [([14, 3, 2020], 41458), ([18, 3, 2020], 41458)]         12.31           1.18           0.88            10.46              ned                   0   [0.0, 0.0, 0.0]      [7.89, 48.91]                   0.62   
UpliftingNews               29   [([14, 3, 2020], 41477), ([18, 3, 2020], 41477)]       2443.93          69.31           0.88            35.26              ned                   0   [0.0345, 0.0345, 0.0]     [15.38, 99.86]                 173.71   
tifu                        61   [([14, 3, 2020], 41491), ([18, 3, 2020], 41491)]        575.74          25.52           0.79            22.56              ned                   0   [0.0164, 0.0164, 0.0]     [11.28, 59.02]                 174.85   
InternetIsBeautiful              1   [([14, 3, 2020], 41511), ([18, 3, 2020], 41511)]        5130.0          663.0           0.88             7.74              8.0                   0   [0.0, 0.0, 0.0]       [13.0, 71.0]                  616.0   
history                     13   [([14, 3, 2020], 41514), ([18, 3, 2020], 41514)]        212.54          22.38            0.7             9.49              ned                   0   [0.0, 0.0, 0.0]     [15.77, 90.54]                  52.61   
philosophy                   5   [([14, 3, 2020], 41518), ([18, 3, 2020], 41518)]         624.0           33.6           0.74            18.57              6.2                   0   [0.0, 0.0, 0.0]      [16.8, 113.4]                   31.8   
Futurology                  27   [([14, 3, 2020], 41521), ([18, 3, 2020], 41521)]       1257.26          60.89           0.76            20.65              ned                   0   [0.0, 0.037, 0.0]      [14.3, 89.85]                 116.58   
OldSchoolCool               77   [([14, 3, 2020], 41533), ([18, 3, 2020], 41533)]        749.74          26.84           0.92            27.93              ned                   0   [0.026, 0.0519, 0.0]     [12.36, 68.49]                  44.06   
WritingPrompts              89   [([14, 3, 2020], 41560), ([18, 3, 2020], 41560)]        108.27           5.29           0.88            20.46             7.04                   0   [0.0225, 0.0, 0.0]    [34.31, 193.54]                  19.31   
dataisbeautiful             56   [([14, 3, 2020], 41586), ([18, 3, 2020], 41586)]        589.91          46.73           0.79            12.62              ned                   0   [0.0714, 0.0357, 0.0]     [12.25, 78.39]                  62.63   
personalfinance             85   [([14, 3, 2020], 41607), ([18, 3, 2020], 41607)]         17.07          12.47            0.8             1.37              ned                   0   [0.0, 0.0, 0.0]      [12.53, 70.4]                   9.56   
nosleep                     51   [([14, 3, 2020], 41656), ([18, 3, 2020], 41656)]        118.39           7.65           0.88            15.48              ned                   0   [0.0588, 0.0784, 0.0196]     [10.53, 54.73]                   7.09   
creepy                       3   [([14, 3, 2020], 41671), ([18, 3, 2020], 41671)]      10945.33          162.0           0.91            67.56            39.67                   0   [0.0, 0.0, 0.0]      [3.33, 19.67]                 145.56   
TwoXChromosomes             62   [([14, 3, 2020], 41675), ([18, 3, 2020], 41675)]        369.13          21.97           0.68             16.8              ned                   0   [0.0161, 0.0, 0.0]      [11.4, 65.37]                  30.87   
technology                  41   [([14, 3, 2020], 41718), ([18, 3, 2020], 41718)]       1897.27          77.12           0.72             24.6              ned                   0   [0.0488, 0.0732, 0.0]     [10.49, 70.83]                 179.98   
memes                      100   [([14, 3, 2020], 41737), ([18, 3, 2020], 41737)]      20067.53         160.14           0.97           125.31           189.54                   0   [0.26, 0.1, 0.0]       [4.7, 24.17]                 181.52   
AdviceAnimals               32   [([14, 3, 2020], 41822), ([18, 3, 2020], 41822)]       2089.91          50.09           0.81            41.72              ned                   0   [0.0625, 0.0312, 0.0]      [8.44, 44.91]                  60.79   
Fitness                      6   [([14, 3, 2020], 41838), ([18, 3, 2020], 41838)]         47.67         126.67           0.78             0.38             0.17                   0   [0.0, 0.0, 0.0]      [5.83, 32.83]                  29.45   
wholesomememes              52   [([14, 3, 2020], 41846), ([18, 3, 2020], 41846)]       3533.38          18.92           0.97           186.72              ned                   0   [0.0, 0.0385, 0.0]      [6.65, 32.23]                  33.24   
WTF                         19   [([14, 3, 2020], 41863), ([18, 3, 2020], 41863)]       1174.79          72.16           0.84            16.28             7.95                   0   [0.0, 0.0, 0.0]      [8.05, 42.05]                  86.37   
politics                    93   [([14, 3, 2020], 41874), ([18, 3, 2020], 41874)]       6292.37         619.02           0.95            10.17            20.23                   0   [0.1075, 0.1613, 0.0323]     [14.83, 94.84]                 368.65   
bestof                       9   [([14, 3, 2020], 42012), ([18, 3, 2020], 42012)]        722.11          58.11           0.74            12.43              ned                   0   [0.0, 0.0, 0.0]    [15.67, 102.89]                   80.3   
interestingasfuck             88   [([14, 3, 2020], 42017), ([18, 3, 2020], 42017)]       2578.26          39.56           0.94            65.18            36.09                   0   [0.0114, 0.0, 0.0]      [10.89, 64.0]                  86.43   
BlackPeopleTwitter             48   [([14, 3, 2020], 42058), ([18, 3, 2020], 42058)]       5097.62          92.85           0.94             54.9            48.98                   0   [0.0208, 0.0, 0.0]      [6.23, 33.27]                 303.16   
oddlysatisfying             83   [([14, 3, 2020], 42166), ([18, 3, 2020], 42166)]        1734.4          29.25           0.91            59.29              ned                   0   [0.0, 0.0, 0.0]      [6.75, 38.08]                  90.55   
travel                      21   [([14, 3, 2020], 42202), ([18, 3, 2020], 42202)]         61.57          13.48           0.64             4.57              ned                   0   [0.0, 0.0, 0.0]     [10.19, 59.95]                   4.43   
leagueoflegends             91   [([14, 3, 2020], 42209), ([18, 3, 2020], 42209)]        427.97           72.3           0.83             5.92              ned                   0   [0.0, 0.0, 0.0]      [9.32, 52.85]                 109.42   
facepalm                    88   [([14, 3, 2020], 42370), ([18, 3, 2020], 42370)]       1438.85           16.8           0.88            85.67              ned                   0   [0.0114, 0.0, 0.0]       [7.8, 42.34]                  45.53   
me_irl                      97   [([14, 3, 2020], 42398), ([18, 3, 2020], 42398)]       1918.14          12.22           0.95           157.01              ned                   0   [0.0309, 0.0206, 0.0]        [1.23, 6.0]                  27.01   
dankmemes                   99   [([14, 3, 2020], 42429), ([18, 3, 2020], 42429)]      13756.93          80.05           0.96           171.85           203.74                   0   [0.2626, 0.1111, 0.0101]      [4.75, 23.35]                  149.2   
NatureIsFuckingLit             52   [([14, 3, 2020], 42497), ([18, 3, 2020], 42497)]       2119.38          27.19           0.96            77.94              ned                   2   [0.0192, 0.0192, 0.0192]     [11.79, 65.62]                  31.29   
pcmasterrace                86   [([14, 3, 2020], 42519), ([18, 3, 2020], 42519)]       1022.92          36.76           0.91            27.83              ned                   0   [0.0465, 0.0116, 0.0116]     [12.03, 62.59]                  41.81   
Tinder                      83   [([14, 3, 2020], 42558), ([18, 3, 2020], 42558)]        765.35          30.37            0.9             25.2              ned                   0   [0.0, 0.0, 0.0]      [6.95, 36.84]                  32.07   
nba                         90   [([14, 3, 2020], 42583), ([18, 3, 2020], 42583)]       1602.71         143.43           0.94            11.17             7.72                   0   [0.1111, 0.0778, 0.0111]    [19.23, 112.76]                 358.54   
Whatcouldgowrong             19   [([14, 3, 2020], 42653), ([18, 3, 2020], 42653)]       6194.37         192.58           0.92            32.17            16.42                   0   [0.1053, 0.0526, 0.0]      [9.37, 45.42]                 311.74   
AnimalsBeingBros              5   [([14, 3, 2020], 42667), ([18, 3, 2020], 42667)]        5331.0           59.8           0.96            89.15             53.4                   0   [0.0, 0.0, 0.0]        [9.6, 52.0]                 236.67   
PS4                         63   [([14, 3, 2020], 42670), ([18, 3, 2020], 42670)]         85.65          15.16           0.69             5.65              ned                   0   [0.0, 0.0, 0.0]       [9.92, 56.1]                  14.79   
woahdude                    31   [([14, 3, 2020], 42692), ([18, 3, 2020], 42692)]        378.84           6.68            0.8            56.73              ned                   1   [0.0645, 0.0, 0.0]       [9.26, 50.1]                   8.73   
tattoos                     37   [([14, 3, 2020], 42702), ([18, 3, 2020], 42702)]        357.16           6.78            0.9            52.65            19.62                   0   [0.0, 0.0, 0.0]     [13.51, 75.84]                   4.65   
AnimalsBeingJerks             30   [([14, 3, 2020], 42712), ([18, 3, 2020], 42712)]          81.1            4.3           0.88            18.86              ned                   0   [0.0, 0.0, 0.0]      [9.53, 52.47]                   2.63   
BikiniBottomTwitter             53   [([14, 3, 2020], 42721), ([18, 3, 2020], 42721)]        1555.3           11.0           0.92           141.39              ned                   0   [0.0189, 0.0, 0.0]      [4.98, 28.08]                  29.75   
reactiongifs                27   [([14, 3, 2020], 42737), ([18, 3, 2020], 42737)]        906.56          31.52           0.85            28.76              ned                   0   [0.0, 0.0741, 0.0]     [14.19, 73.85]                  17.02   
Overwatch                   83   [([14, 3, 2020], 42748), ([18, 3, 2020], 42748)]        299.01          14.08           0.87            21.23              ned                   0   [0.0361, 0.012, 0.0]     [10.05, 54.27]                  21.16   
FoodPorn                    96   [([14, 3, 2020], 42777), ([18, 3, 2020], 42777)]        272.76           5.77           0.92            47.27              ned                   0   [0.0104, 0.0208, 0.0104]      [8.71, 53.36]                   5.91   
relationship_advice             81   [([14, 3, 2020], 42803), ([18, 3, 2020], 42803)]         56.63           32.3           0.88             1.75              ned                   0   [0.0123, 0.0123, 0.0]     [14.46, 74.85]                  45.73   
Unexpected                  61   [([14, 3, 2020], 42843), ([18, 3, 2020], 42843)]       3225.84          42.95           0.81            75.11              ned                   1   [0.0164, 0.0, 0.0]      [4.92, 26.75]                 183.09   
Minecraft                   91   [([14, 3, 2020], 42871), ([18, 3, 2020], 42871)]       2317.27          39.97           0.97            57.98              ned                  10   [0.0549, 0.022, 0.0]     [12.93, 67.46]                  66.32   
PewdiepieSubmissions             96   [([14, 3, 2020], 42995), ([18, 3, 2020], 42995)]       4861.33          49.78           0.96            97.65           127.95                   2   [0.0417, 0.0104, 0.0]      [4.38, 22.06]                  50.54   
atheism                     87   [([14, 3, 2020], 43039), ([18, 3, 2020], 43039)]        427.59          30.26           0.77            14.13              ned                   1   [0.0115, 0.0, 0.0]     [13.09, 80.01]                  26.26   
gonewild                    99   [([14, 3, 2020], 43075), ([18, 3, 2020], 43075)]        714.98          29.04           0.98            24.62            21.16                   0   [0.0707, 0.0808, 0.0202]      [9.48, 47.95]                    3.0   
programming                 61   [([14, 3, 2020], 43113), ([18, 3, 2020], 43113)]         39.31           6.23           0.47             6.31              ned                   0   [0.0, 0.0, 0.0]      [10.87, 66.9]                   5.39   
boardgames                  37   [([14, 3, 2020], 43131), ([18, 3, 2020], 43131)]         46.49          29.24           0.72             1.59              ned                   0   [0.0, 0.0, 0.0]      [7.32, 43.78]                  13.08   
gardening                   84   [([14, 3, 2020], 43149), ([18, 3, 2020], 43149)]        109.92           8.12           0.96            13.54              ned                   0   [0.0119, 0.0, 0.0]     [13.56, 74.17]                   2.93   
instant_regret               4   [([14, 3, 2020], 43174), ([18, 3, 2020], 43174)]         14.25          12.25           0.51             1.16              ned                   0   [0.0, 0.0, 0.0]       [4.5, 22.25]                   6.25   
dadjokes                    88   [([14, 3, 2020], 43176), ([18, 3, 2020], 43176)]        182.89           3.32           0.86            55.12              ned                   0   [0.0455, 0.0227, 0.0]     [10.09, 52.89]                  10.84   
gameofthrones                5   [([14, 3, 2020], 43197), ([18, 3, 2020], 43197)]           7.4            5.4           0.75             1.37              ned                   0   [0.0, 0.0, 0.0]       [12.6, 72.4]                   1.67   
pokemongo                   81   [([14, 3, 2020], 43199), ([18, 3, 2020], 43199)]         28.47           9.48           0.81              3.0              ned                   0   [0.0, 0.0, 0.0]      [8.28, 46.88]                   5.36   
